InputSample	CMC	END	LYM	SMC	MAC	RBC	ADI	P-value	PearsonCorrelation	RMSE
GTEX-14JIY-0626-SM-62LF9.1	0.19737702935280518	0.15100035765550374	0	0.533982874716022	0	0	0.11763973827566897	0.09	0.08295613547097204	0.998969405712772
GTEX-14PN3-0426-SM-6LLIY.1	0.04479648699142982	0.08199328940705618	0	0.3557391309528447	0	0	0.517421157791263	0	0.4939772657036342	0.9940231839634702
GTEX-1AX9K-0326-SM-7DHM9.1	0.1104784260436677	0.1377805016361351	0	0.5946476331532461	0	0	0.15709343916695115	0	0.7920353581575321	0.9931880791024023
GTEX-1C64O-1126-SM-7IGMY.1	0.09519289644089292	0.12375894967127685	0	0.5265108361543798	0	0	0.2545373177334505	0	0.545723787820257	0.9949466190951473
GTEX-1CB4E-0726-SM-7EWEY.1	0.08251415951695763	0.09012012205050032	0	0.3978442036010846	0	0	0.42952151483145745	0.03	0.3028972965104148	0.9965344848973555
GTEX-1H11D-1426-SM-9MQKY.1	0.10589909263550591	0.09640721453355759	0	0.5274189169843825	0	0	0.270274775846554	0	0.6618507650314099	0.9938211378434263
GTEX-1KXAM-1526-SM-D4P3Y.1	0.07360117785996656	0.09613127071455806	0	0.4957229743033189	0.0003	0	0.3342722384103753	0	0.6160838564593426	0.9938597476483585
GTEX-131YS-1226-SM-5K7VE.1	0.08159640523705271	0.1288424847871976	0	0.5669658484134222	0.01414221210072024	0	0.20845304946160712	0	0.7077716154568721	0.9937168146050797
GTEX-WYJK-0926-SM-4ONCF.1	0.11105109973600098	0.15410432562473078	0	0.7052410254587553	0	0	0.029603549180512844	0	0.7659284975681431	0.9931862395387611
GTEX-YJ8O-0126-SM-5QGRG.1	0.1041334208333354	0.11987381804191512	0	0.6300577655072241	0	0	0.1459349956175255	0	0.6446729031358165	0.9942310376958016
GTEX-ZAB5-2726-SM-5J2NH.1	0.29092756630826944	0.08356574378358199	0	0.5830144241453536	0	0	0.042492265762794926	0.27	0.034316086029675855	0.9993195743025037
GTEX-YEC4-0426-SM-4W1ZH.1	0.08119301151085308	0.13879580901836047	0	0.6244729700685105	0.0017447710874804886	0	0.1537934383147955	0	0.7543515374564571	0.9933241342444669
GTEX-ZYFG-0126-SM-5GIDH.1	0.07782863839142559	0.09112234728236347	0	0.38729718338851343	0	0	0.44375183093769754	0	0.3947122191602787	0.9955456487243507
GTEX-ZAB4-0726-SM-5HL8I.1	0.10781022305501735	0.11421337023853452	0	0.5138995120061673	0	0	0.2640768947002807	0	0.43658303181742425	0.995862654553163
GTEX-YEC3-0326-SM-5IFJJ.1	0.06443669128218264	0.10543539272174053	0	0.4530294543189855	0.0036189125745144934	0	0.3734795491025768	0.03	0.3026464407838093	0.996694285039305
GTEX-13FTW-0926-SM-5J2NJ.1	0.09205606960070638	0.12313567364791819	0	0.5394150941439207	0.0016299204221245874	0	0.24376324218533008	0	0.7015988529529067	0.9936403113963479
GTEX-14C38-1226-SM-5S2UK.1	0.10440655749286647	0.15834025657035503	0	0.7063791107138602	0.00265347435256053	0	0.028220600870357757	0	0.7684118381157609	0.9931669426802104
GTEX-QEL4-1026-SM-4R1JK.1	0.0784113527788084	0.09579064611149164	0	0.4115030337618598	0	0	0.41429496734784016	0	0.49436224285979863	0.9946834301077438
GTEX-ZGAY-0426-SM-4WWAM.1	0.10558982900635247	0.08990214017665078	0	0.48374437905170603	0.001289541537332917	0	0.3194741102279578	0	0.6402888797491203	0.9938105226047823
GTEX-13CF3-0626-SM-5J1NO.1	0.08531998858135516	0.11776439252186169	0	0.5232742508287416	0	0	0.2736413680680415	0	0.6358100480424903	0.9940515669723765
GTEX-11ZTS-1026-SM-5LU8O.1	0.10387670001544602	0.12075848928690676	0	0.6363862707230845	0	0	0.13897853997456264	0	0.4775813308669952	0.9956166541100538
GTEX-QV44-0726-SM-4R1KP.1	0.19183907938748673	0.12683434327293308	0	0.5042880837858968	0	0	0.17703849355368342	0	0.42318308139416994	0.9964033015999553
GTEX-11DXX-0826-SM-5GZZP.1	0.07674188287658279	0.0942685632229739	0	0.4001051210620258	0.0005	0	0.4283931570987244	0	0.5040144600370872	0.994511290200218
GTEX-S4Z8-0926-SM-4AD6Q.1	0.08184351778866156	0.11552487441620707	0	0.5371053844147169	0	0	0.2655262233804145	0	0.6904788698991629	0.9935699564431882
GTEX-XPT6-0426-SM-4B672.1	0.0926626485883802	0.13588591639387954	0	0.5505834533668329	0	0	0.22086798165090743	0	0.6896282236763004	0.9938561788598871
GTEX-QMRM-0426-SM-4R1K2.1	0.07171056501766788	0.08139856786322558	0	0.3988158877424364	0	0	0.4480749793766701	0	0.47099524960874123	0.994700907074855
GTEX-1117F-0626-SM-5N9CS.1	0.08924119781111621	0.1180807804357136	0	0.5327189761186517	0	0	0.25995904563451855	0.02	0.3276418046812485	0.9967604047997027
GTEX-12WSC-0926-SM-5EQ63.1	0.13343752199288575	0.13940197998959386	0	0.614489166474861	0	0	0.11267133154265935	0	0.4269410059121535	0.9961991869580903
GTEX-WHWD-0226-SM-4OORT.1	0.13456325649965123	0.13190848980525927	0	0.6877801427975682	0	0	0.04574811089752143	0	0.8106983508660242	0.9928858381148299
GTEX-RN64-0726-SM-48FCV.1	0.11132600851150735	0.1623535255138565	0	0.7202492630961256	0	0	0.006071202878510657	0	0.7442617512203064	0.9933098455841105
GTEX-XGQ4-0626-SM-4AT56.1	0.10081210988903869	0.11287089048869024	0	0.4612633737962545	0	0	0.32505362582601666	0	0.45955516603800994	0.9954813329421335
GTEX-QLQ7-0326-SM-4R1JV.1	0.0658339086485133	0.12380282443371818	0	0.5311555574051283	0.002375439865786223	0	0.27683226964685403	0	0.7066721422859182	0.9933723681717578
GTEX-11DYG-0926-SM-5EGGW.1	0.09177905815662007	0.12930154415080902	0	0.5114958254543284	0	0	0.26742357223824254	0	0.4217282660690925	0.9959842773778066
GTEX-131XF-0526-SM-5HL87.1	0.06695097113654129	0.12126794003967983	0	0.5712337755685137	0.011064605175802414	0	0.22948270807946272	0	0.4144084472294917	0.9960403101351124
GTEX-U4B1-0226-SM-4DXU8.1	0.08150837427359582	0.11536994124493295	0	0.5329950647952199	0.0033889602846928248	0	0.2667376594015585	0	0.6740128411224025	0.9937283569077181
GTEX-1399R-1826-SM-5J2M9.1	0.11832983227963162	0.08502673949172909	0	0.4536343546462525	0	0	0.34300907358238686	0	0.5753957694532742	0.9943242530702527
GTEX-1399U-0626-SM-5J1NZ.1	0.05268720303619377	0.08644072790490358	0	0.3681019414334088	0.0022172878672498553	0	0.490552839758244	0	0.5320734100103335	0.9937952653270409
GTEX-RU72-0226-SM-46MUD.1	0.1152104108776739	0.13649520642579596	0	0.6084752848549808	0	0	0.13981909784154933	0	0.7335739773474224	0.9936709894024248
GTEX-U3ZH-0426-SM-4DXSE.1	0.11084177977797198	0.16243382652823893	0	0.7040346152340194	0	0	0.022689778459769643	0	0.8535110967847042	0.9924831038538661
GTEX-R55G-0426-SM-48FDH.1	0.07201932676811817	0.0896223322598385	0	0.4032093803128773	0.0018534401717465907	0	0.4332955204874195	0	0.46268782344566906	0.9948848687417498
GTEX-U3ZN-0426-SM-4DXSH.1	0.1036476596473412	0.14452863248296177	0	0.6836536142999584	0.0025080327423895404	0	0.065662060827349	0	0.8011185575959736	0.9929463931016493
GTEX-SE5C-0426-SM-4BRUI.1	0.05611079032324233	0.09992242712874164	0	0.39474702889102425	0.002236914702140564	0	0.4469828389548513	0	0.47732121291139146	0.9946598722324926
GTEX-XPVG-0926-SM-4B651.1	0.15082448225154116	0.13493810498658446	0	0.6893177246453671	0	0	0.024919688116507206	0	0.7635067567549858	0.9933149174350944
GTEX-PX3G-3026-SM-48TZR.1	0.08021601549145108	0.12194455502487353	0	0.6426103775345332	0.0060934786809078755	0	0.14913557326823434	0	0.42448838300992175	0.9960084568370648
GTEX-SIU7-0226-SM-4BRX2.1	0.02747933465243472	0.10879831001623595	0.002691883108819476	0.4661753247779402	0.06220375858518478	0	0.33265138885938494	0	0.40249236534864513	0.9959740463058583
GTEX-XV7Q-0626-SM-4BRV5.1	0.1105423555681277	0.14367796450041123	0	0.6311172380842205	0	0	0.11466244184724049	0	0.7035879578028392	0.9938994268030226
GTEX-UJMC-0426-SM-4IHJF.1	0.061796791018540125	0.11947002551946512	0.0006	0.5381148154641385	0.04955745587145199	0	0.23048028524804068	0	0.7431271216738526	0.993464575981914
GTEX-Q2AH-0626-SM-48TZJ.1	0.058348171246279015	0.12052911844933821	0	0.5257273590267972	0.04946967878396699	0	0.24592567249361852	0	0.68441989306691	0.9938954259146189
GTEX-P4PP-3026-SM-3P61O.2	0.06431580509577546	0.08326541103004267	0	0.36556828266773433	0.006069884968926701	0	0.48078061623752083	0.04	0.20718013305492722	0.9973699983708515
GTEX-1IL2U-1126-SM-COH3Q.1	0.0867612456185068	0.14102600049070496	0	0.6261864655234864	0.016933808288484023	0	0.12909248007881777	0	0.8311978104250953	0.9928493329206285
GTEX-1JK1U-0826-SM-CM2S1.1	0.12593255917804547	0.1487831561582456	0	0.6669431129943431	0	0	0.05834117166936579	0	0.8678879545775452	0.9925475362431272
GTEX-YECK-1126-SM-4W1ZQ.1	0.06596577130894304	0.11668240690599167	0	0.537381461798708	0	0	0.27997035998635716	0.03	0.2902032701391692	0.9970043314873895
GTEX-1QAET-0826-SM-E76QR.1	0.08148455490234628	0.13321792057239054	0	0.6082760683077307	0.002677198904769011	0	0.17434425731276343	0	0.7031599474851858	0.9937260806353357
GTEX-1QP29-1326-SM-E6CQ2.1	0.08764319504995176	0.15820446467780258	0	0.7022462507293197	0.0037771068286606632	0	0.04812898271426526	0	0.8593260415073736	0.9923875349860322
GTEX-O5YU-0726-SM-EV792.1	0.04101669337141254	0.09380895237009562	0.001028728693391534	0.5178563796714758	0.09800164869891796	0	0.24828759719470656	0	0.655063175842413	0.9942026883733422
GTEX-1R46S-1026-SM-E8VN3.1	0.07874718449042312	0.15418249958698899	0	0.6807503435607974	0.012797254685557017	0	0.07352271767623338	0	0.7314800101499291	0.9935385859172858
GTEX-1QP2A-0926-SM-E76QU.1	0.10877663555038578	0.1626355515685805	0	0.6816344499410553	0	0	0.04695336293997851	0	0.7344298406450698	0.9935726896338316
GTEX-ZPIC-0326-SM-DO91U.1	0.037378643331828304	0.08074148291098034	0	0.38628855559697584	0.007474159544437002	0	0.4881171586157785	0	0.5486214099109997	0.9935884038846381
GTEX-OHPN-0426-SM-E9TI6.1	0.07516418460136642	0.11740935166209539	0	0.5110038658548647	0	0	0.2964225978816734	0	0.43418903712692153	0.9957228471429723
GTEX-YFC4-0726-SM-62LF6.1	0.10076460184439213	0.08370794392564437	0	0.3960911696940304	0	0	0.4194362845359331	0.03	0.21946214726434332	0.9974087167378433
GTEX-ZZPU-1026-SM-5E457.1	0.05286044068592729	0.08129175931091691	0	0.348880087158275	0.011645046291389391	0	0.5053226665534913	0.01	0.3633237169040256	0.9955855877490091
GTEX-WHSE-0726-SM-4RTXA.1	0.09348580646845546	0.08366372033848318	0	0.3878764532678402	0	0	0.43497401992522106	0	0.5809604719803264	0.9937108716039795
GTEX-13U4I-0926-SM-5LU5A.1	0.12345530541413864	0.12077703225131445	0	0.5288001050197515	0.0007	0	0.22624901881574894	0	0.6419929456742749	0.9943183661213805
GTEX-ZYWO-0426-SM-5SI9A.1	0.07324738627359106	0.09041078212529005	0	0.3946379112380209	0.0014483565658625517	0	0.4402555637972354	0	0.5641747805328504	0.9938174597161045
GTEX-ZPU1-0526-SM-4YCDA.1	0.07320309317376146	0.1278528725988975	0	0.577423435554905	0.025619289821722617	0	0.19590130885071338	0	0.7660340768695838	0.9932773849778995
GTEX-13FXS-1126-SM-5IJBB.1	0.14702814140704967	0.13230265800434382	0	0.6900615602794654	0	0	0.030607640309141013	0	0.6599776118814867	0.9941503026617293
GTEX-13S7M-2226-SM-5S2WB.1	0.1052329246230266	0.145282220314357	0	0.7027464732422501	0	0	0.04673838182036635	0	0.7534459177124841	0.9932629773475113
GTEX-13RTJ-0626-SM-5S2NB.1	0.12929879569150057	0.14399745619220244	0	0.6624432883495663	0.00718776634946812	0.0007	0.05639568700450399	0.03	0.2735072620128816	0.9973122215614205
GTEX-11GS4-0626-SM-5A5LC.1	0.08585833800049397	0.14373361509897428	0	0.6617526773223003	0.015543164702867464	0	0.09311220487536401	0	0.7836417086176486	0.9931620124089515
GTEX-132AR-1326-SM-5K7YC.1	0.07629824734597548	0.09272057037680162	0	0.40520958311498345	0.0009	0	0.42483377318704496	0	0.5280325008839487	0.9942828835520712
GTEX-ZF3C-1326-SM-5A5MF.1	0.0841136053157444	0.13003446136884522	0	0.6397543453682752	0.01057853540783554	0	0.13551905253929955	0	0.6396190990520904	0.9942857162248001
GTEX-X5EB-0326-SM-4QASF.1	0.07312110416634095	0.15743511233335072	0	0.6611701871481387	0.021490064110944923	0	0.08678353224122476	0	0.7935847745777465	0.9931285017770756
GTEX-ZUA1-0426-SM-5NQAF.1	0.09554954294578931	0.13904797161256577	0	0.633630605845242	0	0	0.13177187959640294	0	0.3968573429029446	0.9963213560036616
GTEX-QESD-0326-SM-47J4F.1	0.08163745858196458	0.11861017234154536	0	0.5353161305638849	0	0	0.264436238512605	0	0.694934405149208	0.9935507175730043
GTEX-ZPCL-0326-SM-5FQSG.1	0.06412618132020953	0.11615430181069411	0	0.4998166100535645	0.0008	0	0.31909727245125113	0	0.5996634320105577	0.9941245985741886
GTEX-ZYT6-0826-SM-5E43I.1	0.10031218939159456	0.10650195335238295	0	0.4807569044700843	0	0	0.31242895278593824	0	0.40670831113069356	0.9959659186361861
GTEX-13VXU-1926-SM-5LU5J.1	0.12430400314237905	0.15398660935269184	0	0.7035651895132279	0	0	0.018144197991701215	0	0.8149985351017158	0.9928110825644072
GTEX-11DXZ-0526-SM-5GU7J.1	0.08568275061300988	0.12437699334679728	0	0.5637146414419204	0.010748220154521355	0	0.21547739444375102	0	0.7254922235965958	0.9935306921708498
GTEX-11ZTT-0426-SM-5EQLK.1	0.05974448139413112	0.08936105834124808	0	0.3828120348067142	0.001	0	0.46712636460485946	0	0.5462634474828182	0.9938042800723766
GTEX-12WSL-0926-SM-5N9EK.1	0.08746258892617864	0.1079662186971045	0	0.47407357479903606	0.0010088361500662463	0	0.3294887814276146	0	0.5028053833408598	0.995022017442341
GTEX-13NZA-1126-SM-5MR4K.1	0.07835179692383747	0.12983561753998873	0	0.5501084119664718	0.002718811136388631	0	0.23898536243331348	0	0.5800996379129468	0.9946565898180126
GTEX-13N11-0626-SM-5J1OL.1	0.13268348374333583	0.16438371515832614	0	0.638865704636148	0	0	0.06406709646219007	0	0.5219189091351908	0.9954797593304707
GTEX-13FH7-0426-SM-5KM4M.1	0.0874278592717939	0.12971337505271135	0	0.549025403309004	0.0029889828706004423	0	0.23084437949589034	0	0.6437791192200695	0.9941778029529226
GTEX-UPK5-0126-SM-3GADM.1	0.13399375923810272	0.13869887125203015	0	0.6059063067655904	0	0	0.12140106274427669	0	0.5266526610948311	0.9954192503748773
GTEX-11EM3-0526-SM-5H12N.1	0.11128646496459282	0.13717952882380174	0	0.599617456246799	0	0	0.15191654996480652	0	0.6880387825630458	0.9940274191729103
GTEX-ZLFU-0126-SM-5EQMN.1	0.07783322549950485	0.1152290173107239	0	0.5257715719119369	0.03312424555501683	0	0.2480419397228176	0	0.6943414356289499	0.9937741007974488
GTEX-13FHP-1126-SM-5IJDO.1	0.0890802272230503	0.1368513134200139	0	0.6540744933168936	0.004224324401049146	0	0.11576964163899302	0	0.7228595318101672	0.9935950347564537
GTEX-P4PP-3026-SM-3P61O.1	0.06431580509577546	0.08326541103004267	0	0.36556828266773433	0.006069884968926701	0	0.48078061623752083	0.04	0.20718013305492722	0.9973699983708515
GTEX-1399S-0926-SM-5PNVQ.1	0.05865197133469227	0.09703269852289821	0	0.4096140737264811	0.046898441586531066	0	0.3878028148293973	0	0.553995650173256	0.9943530568426417
GTEX-12WSD-1026-SM-5EQ42.1	0.13791331511824012	0.14790662720137215	0	0.6989963750212225	0	0	0.015183682659165261	0	0.7881251409357918	0.9930690626613696
GTEX-WY7C-1526-SM-4OND2.1	0.05662417790296132	0.08534706671218314	0	0.41380390525759353	0.0023952316292329954	0	0.441829618498029	0	0.4974187163064916	0.9944367435940948
GTEX-117YX-1726-SM-5GZZS.1	0.12045459721612162	0.10776712542751332	0	0.49220711042354587	0.010764621357586887	0	0.2688065455752323	0	0.46144612620319386	0.9957040999914869
GTEX-14E1K-0926-SM-5S2U4.1	0.042741312907118904	0.08286887286585998	0	0.3495774027182707	0	0	0.5248124115087505	0.04	0.19290860165652704	0.9974022340863735
GTEX-ZYFC-1226-SM-5GIE4.1	0.16502582333063176	0.08314018337156089	0	0.4820146693111456	0	0	0.26981932398666175	0.03	0.30916548369585745	0.9969892977249263
GTEX-YF7O-0226-SM-5IFJ4.1	0.04991459449636561	0.08945600489454929	0	0.3686147978334349	0.002009458904453727	0	0.49000514387119637	0	0.4752799044259931	0.9944186067917773
GTEX-QEG5-1026-SM-4R1KT.1	0.07290254885815939	0.09845734311064228	0	0.4280542737528118	0	0	0.4005858342783865	0	0.5004041058085007	0.994679412527923
GTEX-13W3W-0626-SM-5LU45.1	0.06015960407367845	0.07671190260757349	0	0.36313297812516065	0.006944687368730656	0	0.49305082782485676	0	0.6626620679135444	0.9923584297945368
GTEX-13O21-2926-SM-5J1OU.1	0.05818147314318621	0.08964918615083238	0	0.3814024894451991	0	0	0.4707668512607824	0	0.5426938644383713	0.9938142383532589
GTEX-147F4-1326-SM-5LU9V.1	0.10654961302266004	0.15372829886390985	0	0.7130179192337104	0	0	0.026704168879719596	0	0.6850476420507947	0.9938196186723066
GTEX-11UD2-1126-SM-5EQM6.1	0.11268929810265796	0.14545357649229998	0	0.6904695993854478	0	0	0.05138752601959417	0	0.6327232305742513	0.9943370757406116
GTEX-12ZZX-0626-SM-5EQ46.1	0.10161231795094948	0.11491151048997857	0	0.4896333336369723	0	0	0.29384283792209964	0.01	0.3687817726537789	0.9963700815306717
GTEX-13X6J-1326-SM-5QGOV.1	0.06825308244272692	0.10775886231757413	0	0.5088593722171311	0	0	0.3151286830225679	0.01	0.3831640790171374	0.9960886323544339
GTEX-13PVR-1126-SM-5S2NX.1	0.10689705367722753	0.15890058928199824	0	0.7230748640432816	0.0038727156791263603	0.0012368709323786987	0.006017906385987557	0	0.7970419136728236	0.9923493766866506
GTEX-WHPG-0726-SM-4M1XX.1	0.06586667133603422	0.09125696456178216	0	0.4109006100183484	0.0016626472176957143	0	0.43031310686613955	0	0.5972900747997467	0.9935172017712657
GTEX-Y114-0326-SM-4TT99.1	0.11397090575791596	0.14808876867733517	0	0.6354383310826159	0.0015475989095760315	0	0.10095439557255693	0	0.7752114849847268	0.9933598878006027
GTEX-13QJC-0626-SM-5S2O9.1	0.10012259341392608	0.14253458681624487	0	0.6401299866429248	0	0	0.11721283312690434	0	0.7114855875200448	0.9937672599566489
GTEX-ZF29-0126-SM-4WKGZ.1	0.10914969254774642	0.1629904189082548	0	0.7012070081501027	0.003263668010635835	0	0.02338921238326028	0	0.8692210028098976	0.9923790213545144
GTEX-12696-0526-SM-5EQ3Z.1	0.12062405652250642	0.1526486498362891	0	0.7120679067063316	0.0013455520967642835	0	0.01331383483810863	0	0.8373435890374731	0.9925700735807629
GTEX-13S86-0526-SM-5QGPZ.1	0.07712022158986637	0.10660542219138591	0	0.5119479513151921	0.0036518437091340506	0	0.30067456119442154	0	0.5391810734068662	0.9947565886833366
GTEX-UJHI-0326-SM-4IHJE.1	0.11260947440909556	0.10369026474996665	0	0.5999402920909549	0	0	0.1837599687499828	0	0.6259653934925922	0.994344288212381
GTEX-PWOO-0426-SM-48TZF.1	0.050427977827273256	0.09393380166960623	0	0.39512864229765454	0.0010810102865391846	0	0.4594285679189269	0	0.4867050287473348	0.9944651677796547
GTEX-SNMC-0226-SM-4DM6F.1	0.1254688083301064	0.12456264332989676	0	0.673252497740374	0	0	0.07671605059962287	0	0.7797667422647854	0.9931421124382032
GTEX-RWS6-0426-SM-47JXH.1	0.09870435794767858	0.15766703789181086	0	0.7003264344706973	0	0	0.0433021696898131	0	0.8392428226007044	0.9925778045717445
GTEX-S3XE-0226-SM-4AD6I.1	0.10668049154946803	0.151678882687614	0	0.6859478343946555	0.0014659410900770976	0	0.054226850278185336	0	0.8510111708072846	0.9925562148582243
GTEX-U8XE-1026-SM-4E3HM.1	0.09732661371307531	0.1480228756249303	0	0.6628013738355629	0	0	0.09184913682643152	0	0.7302408025615658	0.9935785255570532
GTEX-XQ8I-0326-SM-4BOPN.1	0.07849968654249491	0.0766287648577492	0	0.3668695055774643	0	0	0.4780020430222916	0.02	0.3367645814502198	0.9959912648015111
GTEX-RTLS-0726-SM-46MV4.1	0.12427196123450343	0.11890589629613497	0	0.5021977952654016	0	0	0.2546243472039599	0	0.4689483968587481	0.9956810089173308
GTEX-WFG7-0626-SM-4LMK6.1	0.07343292807251807	0.08164034234052844	0	0.4136385013101481	0	0	0.4312882282768054	0	0.4515592023011019	0.9949829403049532
GTEX-QDVN-0126-SM-4GIC9.1	0.0691439902883768	0.09094327587887613	0	0.3865521698149138	0.0015018851585360106	0	0.45185867885929715	0	0.5584295965664976	0.9937994654262325
GTEX-P4PP-3026-SM-3P61O.3	0.06431580509577546	0.08326541103004267	0	0.36556828266773433	0.006069884968926701	0	0.48078061623752083	0.04	0.20718013305492722	0.9973699983708515
GTEX-13OW8-2026-SM-9WYSA.1	0.10071174990886633	0.145002677286119	0	0.6492563452943106	0	0	0.10502922751070391	0	0.7180234121211198	0.9937109047132113
GTEX-15ER7-1426-SM-6PAMA.1	0.1310268435591209	0.1450623807448687	0	0.6777264462282303	0	0	0.04618432946777996	0	0.6923976385607304	0.9939339305348001
GTEX-1BAJH-1226-SM-7SB7A.1	0.03643844037689124	0.0689923210676615	0	0.35147871997087476	0.0007	0	0.5423715383272659	0	0.6326824903865669	0.9922036246558671
GTEX-1H3VY-1326-SM-9WPOA.1	0.1132533368761272	0.13983601193088682	0	0.619657169998489	0.0011849900346561984	0	0.12606849115984087	0	0.8278607303430148	0.9929146859099973
GTEX-1HSMQ-0626-SM-CL54A.1	0.1265222316171532	0.11078594132987153	0	0.7595296650731335	0	0	0.0031621619798418397	0	0.7337084058179989	0.9931101504912544
GTEX-1QCLZ-0826-SM-EWRNA.1	0.08555623026424818	0.1189844071321659	0	0.5314001307767842	0	0	0.26405923182680174	0	0.6487954660544587	0.9939735204730936
GTEX-NPJ8-1326-SM-3LK6B.1	0.10150661022428212	0.1072998097840269	0	0.510557999394618	0.003543677001416082	0	0.27709190359565694	0	0.48838209538238864	0.9953583877482236
GTEX-18A67-1426-SM-718BC.1	0.07064674835347991	0.09390813933275363	0	0.4038133722484149	0	0	0.4316317400653515	0	0.4272554606703329	0.9952547198548749
GTEX-OOBJ-3026-SM-3NB1D.1	0.10694617609727429	0.15114644479384085	0	0.663470712822888	0	0	0.07843666628599678	0	0.7421397441038874	0.9935280477803373
GTEX-1K9T9-1026-SM-D3L9D.1	0.07401306654060252	0.08509117911251679	0	0.39390398414874833	0.0035756228097838564	0	0.44341614738834845	0	0.5231949563920438	0.9942134826573931
GTEX-1EU9M-2026-SM-7RHGE.1	0.09152683835053708	0.11785237161102119	0.004586163411373211	0.5307186661979276	0	0	0.25531596042914095	0	0.45158419640917274	0.9957292068987558
GTEX-1IKOE-0826-SM-ARZME.1	0.10092707816943226	0.07860555089024095	0	0.35014723970945644	0	0	0.4703201312308704	0	0.47287838555381323	0.9946327151146342
GTEX-18A7B-0926-SM-7189F.1	0.10565943352607961	0.14459839003361324	0	0.6644757585307486	0	0	0.0852664179095585	0.01	0.35916630320431536	0.9966351281613756
GTEX-OIZH-3026-SM-3NB1G.1	0.11590777264954495	0.1360551366936207	0	0.6224253206718109	0.0022043514188164457	0	0.12340741856620702	0	0.8282716195718742	0.9929054354904825
GTEX-17F9E-1226-SM-7EWDG.1	0.09854735758642938	0.15416343232668675	0	0.6585299593456752	0	0	0.08875925074120859	0	0.7967565209905162	0.9930777852051835
GTEX-1B8KE-0426-SM-7189G.1	0.0672286983909792	0.1253210807162139	0.0001	0.5363820598582224	0.04336454587510128	0	0.22763983176997138	0	0.6678144447804886	0.9941095216226941
GTEX-12WSE-1126-SM-7DUEH.1	0.07222199436070553	0.060339455040564136	0	0.3371537975460551	0.001182837310368256	0	0.5291019157423069	0.03	0.2758438467713288	0.9964536204081456
GTEX-O5YW-3026-SM-3MJHI.1	0.08923201861177099	0.15313867926933203	0	0.6796130096266405	0.003184267802080643	0	0.0748320246901758	0	0.8682107124178701	0.9923929361956481
GTEX-15TU5-1226-SM-6PAMI.1	0.09770966750546087	0.1300007614780504	0	0.5506273246209987	0	0	0.22166224639549004	0	0.6130048105241226	0.9944847640529587
GTEX-1HCUA-0426-SM-CGQEI.1	0.12083884519964251	0.15547465090846344	0	0.6757176438418145	0.002000289470031222	0	0.045968570580048204	0	0.8778322949571729	0.9924452534076604
GTEX-1J8QM-0226-SM-CYPSI.1	0.05845533113763974	0.08919302201523331	0	0.3879666020083046	0.022979477316777807	0	0.4414055675220445	0	0.49762633618783886	0.9945210213270391
GTEX-14PJ6-1226-SM-6LLHJ.1	0.12689186364717314	0.1531289511646713	0	0.6760411039443632	0	0	0.04393808124379243	0	0.8012088496695565	0.9930680650866857
GTEX-15CHR-0526-SM-79OLJ.1	0.13050917246685442	0.10320003099879753	0	0.4355412800082137	0	0	0.3307495165261343	0.01	0.37140443502088943	0.9962982899151499
GTEX-16YQH-0826-SM-7938J.1	0.1261013542788214	0.15510098299400155	0	0.6697154286967208	0	0	0.0490822340304561	0	0.637552918329411	0.9944265724034114
GTEX-1GMR8-1226-SM-9YFLJ.1	0.09242398659013942	0.12541020900417962	0	0.5546238204747213	0	0	0.22754198393095973	0	0.407721431756027	0.9961516569370756
GTEX-1LGRB-0826-SM-COH3J.1	0.1099768701684186	0.15451311220777714	0	0.6787996243117753	0	0	0.056710393312028935	0	0.7366225514232594	0.9935425972003986
GTEX-14E7W-1026-SM-62LEK.1	0.0819829436337323	0.09042912458216686	0	0.4930202808500359	0	0	0.33456765093406493	0	0.4131021439063127	0.995750284185009
GTEX-1F6I4-0626-SM-9MQLL.1	0.10872943379197136	0.14837098826956902	0	0.6925564105017273	0	0	0.05034316743673239	0	0.8181424249485142	0.9927863566354869
GTEX-14BMV-0926-SM-7DHKM.1	0.14928706458159882	0.10927478840356046	0	0.4580077161060186	0	0	0.2834304309088221	0.03	0.3008915373622867	0.9970641625446083
GTEX-1GN1U-1326-SM-9KNTM.1	0.1206602470266599	0.11884180587459581	0	0.6772179307454643	0	0	0.08328001635327985	0	0.739772367102672	0.9934201450466909
GTEX-1HSKV-0926-SM-CGQEM.1	0.11429369513238175	0.13047360305389014	0	0.6895762913311221	0	0	0.06565641048260595	0	0.7299082696355599	0.9934866987474571
GTEX-1I1GQ-1326-SM-CM2TM.1	0.1386875234347612	0.11987579678053001	0	0.7199551244537407	0	0	0.021481555330968117	0	0.730707637910873	0.9933785226532584
GTEX-1M5QR-1126-SM-EYYWM.1	0.1071969202964728	0.15909597352202504	0	0.7103315101345254	0.002696399893778877	0	0.02067919615319789	0	0.807043151427128	0.9928303812535657
GTEX-139YR-0726-SM-62LFN.1	0.04246981366788583	0.08258583080002194	0	0.36632423813357073	0.001467614989034575	0	0.507152502409487	0.03	0.30300007883332286	0.9962142574272158
GTEX-1B932-1226-SM-7PBYN.1	0.14455665050875546	0.1535000025677691	0	0.6954674767188759	0	0	0.0064758702045996175	0	0.6726477869334885	0.9940612414605949
GTEX-NPJ7-1326-SM-3MJHO.1	0.11912907264421972	0.1461163753850862	0	0.5712997005729987	0	0	0.16345485139769528	0	0.47440303589137295	0.9958233892467211
GTEX-15SHV-0726-SM-6PAMO.1	0.08965301185993027	0.12551686377604168	0	0.5594447934050291	0	0	0.225385330958999	0	0.6973889708232834	0.9937049808223157
GTEX-17F9Y-1426-SM-7IGOO.1	0.07844456949546333	0.13050019893168135	0	0.6268886811405058	0	0	0.16416655043234957	0	0.6963119256175119	0.9937280614078229
GTEX-18A7A-1126-SM-7LT8O.1	0.09938122194600053	0.14561719351461438	0	0.6923616486569215	0.001	0	0.06166897993890166	0	0.8999783775681585	0.9920673807654975
GTEX-1IDJD-0426-SM-CM2TO.1	0.061803369742360934	0.0836102746919927	0	0.3991781903025172	0.0001	0	0.45529301637113834	0	0.538139127821811	0.9939423765833966
GTEX-1LGOU-0426-SM-D3L8O.1	0.11957766946660936	0.14856275426978927	0	0.6540865994728634	0.0001	0	0.07770844764442345	0	0.8466471147478106	0.9927464181821882
GTEX-15RJ7-0526-SM-6PANP.1	0.07251507619946486	0.09027551477667628	0	0.4010128274770914	0.005502451546537516	0	0.43069413000023	0	0.48039406710830607	0.9947320991144606
GTEX-17HII-1126-SM-7IGOP.1	0.08511266711892261	0.13073562021605184	0	0.5889284283379805	0.003942405706966889	0	0.19128087862007812	0	0.6090319914314912	0.9945167688217009
GTEX-1I1GP-0726-SM-B2LVP.1	0.08932798576849021	0.15732137999892803	0	0.5747605229828326	0	0	0.17859011124974913	0	0.5744135007287959	0.9949448226427606
GTEX-1JMQJ-2526-SM-CY8HP.1	0.0357749481198115	0.12516938630303565	0.011047621112774521	0.5670484245341829	0.024877635656766334	0	0.23608198427342908	0.01	0.3893489782853842	0.9962575717089339
GTEX-1LVAN-1826-SM-CNPOP.1	0.12621777142773236	0.14852621534133617	0	0.6546427332150659	0.0020681308736302667	0	0.06854514914223532	0	0.7986172222323419	0.993167704469607
GTEX-13O61-0626-SM-5L3D1.1	0.09379829317220592	0.11793408531469464	0	0.5054934275381229	0	0	0.2827741939749765	0	0.5651498229379853	0.9946768811711536
GTEX-ZQG8-0626-SM-57WF3.1	0.05447192352802423	0.0814275541922268	0	0.34472238213694956	0.004662638934603547	0	0.5147155012081958	0	0.7862548570164659	0.9907943917292229
GTEX-Y8E4-0226-SM-4VBQ3.1	0.08142548783266408	0.1029078366917443	0	0.5303214393096415	0	0	0.2853452361659501	0	0.5913687383006202	0.9943186558753977
GTEX-131XG-0826-SM-5LZVS.1	0.043837605804641654	0.11156519961289443	0	0.4929891818581709	0.06810395031681504	0	0.28350406240747794	0	0.6849552298226501	0.9937638121944141
GTEX-YB5K-0426-SM-5LUA4.1	0.03179848832574673	0.09248339095703743	0.00120522688951264	0.3769164422706277	0.05474385105817815	0	0.44285260049889735	0	0.576932287412558	0.9937572457608699
GTEX-ZT9W-0426-SM-57WF4.1	0.05749515479506505	0.08977414991467687	0	0.3903754451500009	0	0	0.4623552501402573	0	0.47402357687303126	0.9945871572691174
GTEX-11I78-1026-SM-5HL74.1	0.053330427509209306	0.06398841266026917	0	0.3470988339731039	0	0	0.5355823258574176	0	0.5562090224919867	0.9931710981838374
GTEX-11ZUS-0526-SM-59884.1	0.08960144905777079	0.10250740133155983	0	0.47628445013225823	0	0	0.3316066994784111	0.03	0.31620032179099355	0.99669841840222
GTEX-ZVT2-0526-SM-5E455.1	0.07317871132715237	0.0865277220104546	0	0.37700839225445965	0.0016134720227647529	0	0.46167170238516864	0	0.503682422594916	0.9943139399095268
GTEX-11TT1-1526-SM-5EQKU.1	0.0995409576217191	0.11998581569162485	0	0.5445802197165476	0	0	0.23589300697010837	0	0.5639272246659099	0.9948301530000431
GTEX-Y3IK-0926-SM-51MQU.1	0.07825527157670377	0.11645415010493894	0	0.5310061040205349	0.02242941041231277	0	0.25185506388550954	0	0.6066513984743764	0.9944471874549087
GTEX-146FH-0926-SM-5SI96.1	0.09037013494197488	0.10559084678919968	0	0.49310447845529465	0.0001	0	0.31080946280847144	0	0.48567084505712055	0.9952333000112517
GTEX-12WSK-0726-SM-5LZUV.1	0.08471436387693033	0.12438650023048228	0	0.5279598086043787	0	0	0.2629393272882087	0	0.5627060769076743	0.9947419563026771
GTEX-13QBU-0126-SM-5LU3V.1	0.06850342084691087	0.08382738457062573	0	0.35671237306244247	0.00145910176835291	0	0.48949771975166806	0	0.5139775051581853	0.994028779849049
GTEX-13PL7-1826-SM-5IJDV.1	0.0944703476296693	0.12227577120275542	0	0.5193518026137556	0	0	0.26390207855381964	0	0.5821472454510458	0.9946043839335175
GTEX-Y5V6-0326-SM-4VBRW.1	0.08819673590825176	0.1264096504649441	0	0.5537069667611753	0.001597072192801399	0	0.23008957467282748	0	0.7403572974602078	0.9933416143300507
GTEX-11DXY-1126-SM-5987W.1	0.11754474522989114	0.1558616968026749	0	0.6642779753544198	0.007458014410532861	0	0.054857568202481444	0	0.5901949501671458	0.9948352035543848
GTEX-13VXT-1026-SM-5LU37.1	0.17602704768399702	0.07497918970251585	0	0.4303204698819118	0.0044068981075723835	0	0.31426639462400296	0.08	0.09367686332097774	0.998769286676784
GTEX-1445S-1126-SM-5QGOW.1	0.08972282131928631	0.14513897748325594	0	0.6298836997609736	0	0	0.13525450143648424	0	0.5703256223222116	0.9949045116074804
GTEX-ZDYS-0126-SM-5HL6X.1	0.04999934889128866	0.09174989478764593	0	0.381403557175203	0.006118773179921059	0	0.47072842596594144	0	0.6155766019503086	0.9930424445065493
GTEX-14C5O-1426-SM-5RQI8.1	0.11028386114384417	0.1655260432655795	0	0.7142419494112787	0	0	0.009948146179297585	0	0.7504242673090439	0.9932953753795634
GTEX-ZV7C-0426-SM-51MQY.1	0.05212278225131797	0.08851748646033773	0	0.37320851772876007	0	0	0.4861512135595842	0	0.506715148201852	0.9940942763174043
GTEX-13OVG-0726-SM-5IJBY.1	0.06109794770337701	0.12437656545228817	0	0.5255775975411795	0.026489495329987123	0	0.2624583939731681	0	0.6599471833719431	0.9939498683733354
GTEX-1A8G6-1726-SM-73KXZ.1	0.10117008811071981	0.14262164341629294	0	0.6586657975122949	0	0	0.09754247096069239	0	0.7895544901748562	0.9930914154315039
GTEX-1EN7A-0926-SM-7P8RZ.1	0.08900220670004107	0.1246665566266693	0	0.5807393681240245	0.007544027209808111	0	0.19804784133945713	0	0.6791282109632708	0.9939372444393877
GTEX-1F5PK-0426-SM-7RHHZ.1	0.04778588320837459	0.08556584251674401	0	0.35940789098735665	0.002561408352229351	0	0.5046789749352955	0	0.6986765581004846	0.9918442187477474
GTEX-1OKEX-0626-SM-E76PZ.1	0.07606544438203879	0.09180986720097425	0	0.40120612612972933	0	0	0.4309185622872576	0	0.5280417283965518	0.9942442932221529
GTEX-REY6-0926-SM-48FDA.1	0.07341616588116508	0.1185320162948811	0	0.4980533200889136	0	0	0.3099984977350403	0	0.5471174086983432	0.9946746618398354
GTEX-1122O-0426-SM-5H12G.1	0.12160161897594708	0.14938044099178086	0	0.646757448668806	0	0	0.08226049136346601	0	0.7544157471553772	0.9935254175590024
GTEX-11ONC-1126-SM-5GU6G.1	0.08238493542537208	0.14277613904331896	0	0.660209156475727	0	0	0.11462976905558196	0	0.41837562006553974	0.9960963657326508
GTEX-WRHU-1126-SM-4E3I1.1	0.09219153486413302	0.1424825320135454	0	0.6673213798313311	0	0	0.0980045532909905	0	0.701298874942384	0.9937622784586208
GTEX-RUSQ-0426-SM-47JWR.1	0.09272681686231948	0.16440091306752064	0	0.7061483088143035	0	0	0.03672396125585644	0	0.7855691345897732	0.9930056046036484
GTEX-R53T-0726-SM-48FCS.1	0.05793130589933045	0.0911011733763804	0	0.40626078712164043	0	0	0.4447067336026487	0	0.5913498528872911	0.993460272444722
GTEX-WEY5-0326-SM-4LMI7.1	0.041503900567391165	0.05517143764924604	0	0.3286704712936307	0.005614817134887621	0	0.5690393733548444	0	0.7082829242534509	0.9910715289012912
GTEX-UPIC-0326-SM-4IHJ9.1	0.13579205385601495	0.15108116407730054	0	0.6194085155161844	0	0	0.09371826655050007	0.02	0.3258592917576612	0.9970240744019657
GTEX-PSDG-0826-SM-48TCZ.1	0.14350362761309854	0.1495577130737873	0	0.6439482889996871	0	0	0.06299037031342705	0	0.5127053572353991	0.9955251884032821
GTEX-PWCY-0426-SM-48TCW.1	0.10350226729487982	0.11552246230480677	0	0.6576739133304921	0	0	0.12330135706982129	0	0.6609676355096823	0.9940393593499882
GTEX-VUSG-0626-SM-4KL1Z.1	0.09850891463077435	0.14237085459291482	0	0.6615351106931798	0	0	0.09758512008313093	0	0.7982712991793736	0.9929989224941094
GTEX-OIZF-3026-SM-7PC3D.1	0.07846219237948841	0.09517701409439006	0	0.48085204792152714	0.007013823985480488	0	0.33849492161911393	0	0.6157204878194251	0.9938949391946604
GTEX-1RDX4-1126-SM-E9U6E.1	0.054801587131659384	0.13783299863821716	0	0.5018811207911233	0	0	0.3054842934390001	0.03	0.2380774795668748	0.9974547250310549
GTEX-S32W-0526-SM-4AD6F.1	0.10812454618585012	0.1346644473991927	0	0.5800314688991485	0	0	0.1771795375158086	0	0.6521719779851368	0.9942857212571704
GTEX-1R9K4-1126-SM-E9J4G.1	0.11277674257241616	0.12462822624175955	0	0.483991376061725	0	0	0.27860365512409924	0.04	0.19520941294846963	0.9979235659770536
GTEX-1QPFJ-0826-SM-EYYXL.1	0.09836860039625074	0.13537495071650912	0	0.5483929662800875	0	0	0.21786348260715271	0	0.6084198034355255	0.9945599087853657
GTEX-T2YK-1126-SM-EVYAL.1	0.05761828281277122	0.13317157133349944	0	0.49030919007844337	0.0013090788029155136	0	0.31759187697237046	0.02	0.34771584288022833	0.9964508518247579
GTEX-ZG7Y-2326-SM-DO92L.1	0.06478868305438695	0.10308805889846911	0	0.450010597292174	0.0030200803179728833	0	0.379092580436997	0.03	0.2852237528222555	0.9968422875775368
GTEX-QV44-0726-SM-DKPON.1	0.20246647059890674	0.13989807584478978	0	0.5061062727192694	0	0	0.15152918083703398	0	0.4344118933059207	0.9964161354229475
GTEX-QEG5-1026-SM-DKPOO.1	0.062038685014415514	0.09328384115782323	0	0.4048907181745848	0.0003	0	0.43950133542173214	0	0.4749301693276541	0.994710748808134
GTEX-QLQ7-0326-SM-DHXIO.1	0.059872074237230566	0.12375553785104844	0	0.5309053310351858	0.008797112838256287	0	0.2766699440382789	0	0.7050292437802981	0.9933969970919514
GTEX-1EX96-2826-SM-7PBZQ.1	0.054179165253967106	0.15311261115226057	0.00970056439877513	0.557512843392401	0	0	0.22549481580259614	0.03	0.32027767947101354	0.9968972844983907
GTEX-1HC8U-0526-SM-9WYSQ.1	0.06061553524885048	0.08171871537145545	0	0.38315916517796933	0	0	0.47450658420172476	0	0.5290478557196268	0.9939213917533964
GTEX-15CHQ-1626-SM-6LLJR.1	0.12205148721599332	0.153731526401581	0	0.711591927052813	0	0	0.012579385454735859	0	0.6802979087687463	0.9938894340092767
GTEX-1HBPM-1126-SM-9YFL2.1	0.06773483294183273	0.15104907969917272	0	0.6322591453195695	0.02532340161541135	0	0.12363354042401377	0	0.616690714538663	0.9945932765521512
GTEX-OHPL-3026-SM-3MJGS.1	0.06901659269339787	0.09415789540806219	0	0.4098342429705061	0	0	0.4269912689280338	0	0.5638019127684164	0.9938897980900017
GTEX-15CHC-0526-SM-6EU23.1	0.08411482349524042	0.09603211787508316	0	0.3947454041725252	0	0	0.4251076544571512	0	0.4609652719622156	0.9949820550549417
GTEX-1CAMS-1226-SM-79393.1	0.1142655482362373	0.15911535647111094	0	0.7141884462133296	0.003544875175980543	0	0.008885773903341644	0	0.788251715905248	0.9929812783298761
GTEX-1GL5R-0226-SM-7SB93.1	0.04176073107240805	0.08555506227507577	0	0.36133503972510495	0.0004	0	0.5109840513991027	0	0.49603981455926954	0.9940398183406586
GTEX-1GMR3-0626-SM-9WYT3.1	0.12969550365065544	0.1483184975080508	0	0.696519356681475	0	0	0.025466642159818788	0	0.8172463454816582	0.9928267650260976
GTEX-1HFI7-0626-SM-ADEI3.1	0.04725408785022411	0.07156763340246172	0	0.33850775696686647	0.0006	0	0.5420309072361067	0	0.5031021937760176	0.9937540622697268
GTEX-14PJM-1026-SM-6ETZT.1	0.10001028290923371	0.1420446932441338	0	0.7082880289043548	0.0058191422250566125	0	0.04383785271722105	0	0.823854756013983	0.992644965552126
GTEX-1AX8Z-1426-SM-7939T.1	0.10624603389807154	0.12210553967987481	0	0.5100014511823956	0	0	0.2616469752396581	0	0.6925161928179178	0.9937262038732626
GTEX-1AYD5-0626-SM-7RHHT.1	0.06183801000744611	0.1274297910291048	0	0.5840693954919556	0.0324808136515135	0	0.19418198981998	0	0.7946646026736672	0.9930208442107084
GTEX-1H1ZS-0926-SM-ADEIT.1	0.14564006872851862	0.142010702706053	0	0.6573881811185827	0	0	0.05496104744684569	0	0.6391879354162584	0.9944638010170413
GTEX-1HSGN-1226-SM-CGQFT.1	0.12212148687031428	0.13298393164643477	0	0.5901497044437657	0.006579373337877409	0	0.14816550370160797	0	0.5004299465811937	0.9956012475499786
GTEX-14H4A-0526-SM-62LEU.1	0.09960888197853635	0.08840782404157026	0	0.3637886750770897	0	0	0.44819461890280377	0	0.44534188380374	0.9950497367743053
GTEX-1AYCT-0626-SM-7EPI5.1	0.021949065708256364	0.08120282323742581	0	0.3639816179204847	0.012385632678669531	0	0.5204808604551635	0.02	0.3550293700739385	0.9955656253910399
GTEX-1IDJH-1226-SM-E6CJU.1	0.12173739678886089	0.15222180749162217	0	0.726040795719517	0	0	0	0	0.8575799787583657	0.9923084327360747
GTEX-O5YV-0426-SM-3LK66.1	0.10824378151892504	0.145962121492262	0	0.6482438367106467	0.0024082650486123938	0	0.09514199522955395	0	0.6885872070363321	0.9940004087450267
GTEX-17GQL-0426-SM-7LG5V.1	0.07204244387550936	0.08046331576905641	0	0.3617295326410207	0.008926351415125508	0	0.47683835629928795	0	0.5166518491293293	0.9940958276153926
GTEX-1A8G7-2726-SM-7MGWV.1	0.06136309285569609	0.14139899056561625	0	0.5902373144770867	0.004054221851868747	0	0.20294638024973222	0	0.5084839681915978	0.9952960718995186
GTEX-1B8SG-0926-SM-73KV6.1	0.048293398720404654	0.10516177286628953	0.02319299639711162	0.5615345398136232	0.029014541033302674	0	0.23280275116926827	0	0.5690570808612619	0.9947765687979452
GTEX-1C6WA-1126-SM-7IGP6.1	0.1503163213478137	0.1040690574011149	0	0.4490597358831754	0	0	0.296554885367896	0.04	0.20039991565026022	0.997879777000797
GTEX-1EKGG-1026-SM-7RHG6.1	0.11405063228095444	0.15191997130175178	0	0.6567495256281355	0	0	0.0772798707891584	0	0.816641641944406	0.992973372345763
GTEX-1HCU7-1526-SM-CM2S6.1	0.0720920395866187	0.12913427161127602	0	0.5303102381407432	0.0019771814784816624	0	0.26648626918288043	0	0.3908399276467454	0.9961991087694408
GTEX-1JN1M-0926-SM-D4P2V.1	0.10363814513889943	0.15091873419783283	0	0.6719137750484219	0	0	0.07352934561484571	0	0.809076731246492	0.9929380324788778
GTEX-1OFPY-1126-SM-E8VNV.1	0.09250678145552958	0.15596097658532207	0	0.6483345890365606	0.0003	0	0.102918915562832	0	0.7589931198105861	0.9933977910098405
GTEX-14PJ4-1026-SM-6AJ97.1	0.08771371978694086	0.15542802840592262	0	0.66648442100859	0.002557943218541474	0	0.0878158875800051	0	0.8231357239719053	0.9928124727367771
GTEX-14XAO-1026-SM-6LLJ7.1	0.08199193270620037	0.12062984299406164	0	0.522497760470481	0.0018006771196289316	0	0.2730797867096281	0	0.6066305478864031	0.9943161189604486
GTEX-15SHU-1026-SM-6PAL7.1	0.0988209453754808	0.15558656267357746	0	0.6843750749377864	0.0034853198562222595	0	0.057732097156933136	0	0.8505146327047094	0.9925670489191956
GTEX-1A32A-1726-SM-731BW.1	0.08596153572902156	0.13888407028378727	0	0.6565092667925063	0	0	0.1186451271946848	0	0.7188442242388289	0.9935952443814564
GTEX-1H3NZ-0926-SM-9YFM7.1	0.12018537636400642	0.14794189960725304	0	0.6764518620267453	0	0	0.0554208620019952	0	0.7380236249045382	0.9935465849668709
GTEX-1IDJU-0826-SM-ARL87.1	0.06515386234106148	0.09118648884389276	0	0.36807726417350334	0	0	0.47558238464154234	0	0.5195268769055127	0.994056740415491
GTEX-15DDE-1226-SM-6PAN8.1	0.12625927027736364	0.1502324072770812	0	0.6209624085712986	0	0	0.10254591387425664	0	0.5430774198596132	0.9952874396315048
GTEX-18A66-1026-SM-731B8.1	0.09529655891610597	0.1591754099878669	0	0.7139672581834976	0.010555255540390131	0	0.02100551737213938	0	0.88362588915865	0.9921716433122908
GTEX-1AX9I-0926-SM-73KX8.1	0.07458091282691877	0.11576540518430464	0	0.5022790578944761	0	0	0.3073746240943004	0	0.3989845468598207	0.9960042637952464
GTEX-1B97J-0826-SM-7SB78.1	0.03451368534287088	0.08432138418199177	0	0.36307355940816183	0.0033375943003519266	0	0.5147537767666236	0.02	0.33961052043223316	0.9957705992135096
GTEX-1HBPH-0326-SM-CM2S8.1	0.10986187594714701	0.14823712937151307	0	0.6869848385808023	0	0	0.054916156100537517	0	0.645093853221418	0.994247679826309
GTEX-1HCVE-0926-SM-CGQEX.1	0.10089089700547353	0.15896974350192009	0	0.7044180088693917	0.0004	0	0.03530577251036868	0	0.7183964912958112	0.9935810369048729
