NAME	CMC	END	LYM	SMC	MAC	RBC	ADI
7SK	367.99999999999983	33.0	335.49999999999983	3854.499999999999	404.0	2580970.999999999	36433.500000000015
ABCC13	1.0	1.0	1.0	1.0	2.0	33974.999999999956	1.0
ABCC9	190.0	1.0	1.0	466.0	1.0	1.0	856.4999999999999
ABCG2	16.0	146.00000000000003	15.000000000000002	29.999999999999993	16.999999999999996	27982.0	18.999999999999996
AC004076.9	46.00000000000001	16.999999999999996	21.000000000000007	33.99999999999999	12.000000000000004	54258.00000000004	55.500000000000014
AC006129.2	1.0	20.500000000000007	521.0000000000005	1.0	5.5	1.0	1.0
AC007563.5	121.00000000000009	1.0	1.0	1219.9999999999995	2.0	1.0	1708.4999999999995
AC007750.5	8.999999999999998	7.0	1.0	1023.5	6.0	1.0	446.5
AC008984.2	1.0	1.0	8.0	1.0	327.50000000000006	1.0	1.0
AC009413.2	8.999999999999998	11.000000000000004	28.999999999999996	9.499999999999998	18.999999999999996	27595.000000000025	61.0
AC011899.9	1.0	1.5	4.0	1.0	347.0	1.0	1.0
AC018755.18	1.0	3.0	28.999999999999996	1.0	1304.4999999999998	1.0	1.0
AC132217.4	2121.9999999999986	15.000000000000002	1.0	12.000000000000002	2.0	388.9999999999997	56.00000000000002
AC142391.3	15.000000000000002	3892.999999999999	3.0	58.999999999999986	2.0	1.0	13.999999999999996
ACPP	109.00000000000004	2.0	6.0	17.0	560.5	1.0	5.000000000000001
ACTC1	65284.99999999998	2.0	2.0	9.999999999999998	4.0	1.0	7.5
ACTN2	12740.999999999985	9.999999999999998	2.0	3.0	6.0	1.0	3.0
ACVRL1	7.0	5329.5	2.0	521.4999999999998	127.99999999999994	1.0	464.9999999999999
ADAM33	85.0	2.0	1.0	365.5	2.0	1.0	1067.5000000000005
ADAMTS1	1952.9999999999989	695.5000000000001	8.0	10353.999999999995	4.0	1.0	2205.5000000000005
ADAMTS12	1370.0	27.0	2.0	4681.999999999998	2.0	1.0	4168.999999999999
ADAMTS15	555.0000000000002	2.0	2.0	336.9999999999998	5.000000000000001	1.0	3681.999999999999
ADAMTS18	37.00000000000001	636.5000000000005	1.0	21.0	1.0	1.0	154.5
ADAMTS19	1244.0000000000007	1.0	1.0	3.5	1.0	1.0	5.000000000000001
ADAMTS2	395.9999999999997	2.0	2.0	4888.5	32.0	1.0	6223.499999999998
ADAMTS9	4415.999999999997	1146.0	1.0	53.5	3.0	1.0	724.4999999999998
ADAP2	12.000000000000004	8.999999999999998	39.999999999999986	21.0	2326.999999999999	1.0	16.0
ADGRF5	16.0	1099.0000000000005	1.0	2.0	1.0	1.0	31.499999999999996
ADGRG5	9.999999999999998	2.0	437.5000000000001	1.0	13.499999999999998	1.0	3.0
ADGRL2	3513.999999999999	2058.500000000001	1.0	2866.5	2.0	1.0	3093.9999999999995
ADGRL3	1279.0000000000002	1.0	1.0	2.5	1.0	1.0	28.499999999999993
ADGRL4	43.0	5320.499999999998	1.0	968.9999999999995	1.0	1.0	108.50000000000003
ADH1A	11.000000000000004	1.0	2.0	4.5	1.0	1.0	576.4999999999998
ADH1B	8.0	1.0	1.0	14.5	1.0	1.0	36190.999999999985
ADH1C	1.0	1.0	1.0	5.000000000000001	1.0	1.0	550.0
ADIPOQ	1.0	1.0	1.0	1.0	1.0	1.0	136604.99999999994
ADIPOQ-AS1	1.0	1.0	1.0	1.0	1.0	1.0	66442.50000000003
AGT	378.9999999999997	1.0	1.0	7.0	1.0	1.0	1319.0
AHSP	1.0	2.0	1.0	1.0	1.0	22988.0	1.0
AIF1	17.999999999999996	2.0	173.50000000000003	1.0	8890.5	16.999999999999996	1.0
AKAP7	145.0	80.49999999999997	180.0	62.999999999999986	147.00000000000003	142992.99999999968	194.5
AKR1C1	63.000000000000014	82.5	16.999999999999996	1539.5000000000005	37.00000000000001	373.0000000000003	27408.999999999996
AKR1C2	25.999999999999993	28.499999999999993	8.0	313.4999999999999	16.999999999999996	74.00000000000001	25836.49999999998
ALAS2	16.0	2.0	8.0	1.0	2.0	1548257.0000000016	1.0
ALDH1L1	8.0	1.0	3.0	1.0	1.0	1.0	7501.499999999996
ALS2CR12	25.00000000000001	8.999999999999998	39.999999999999986	16.0	26.999999999999993	152825.00000000003	13.999999999999996
AMOTL2	1887.9999999999993	2176.499999999999	2.0	6078.5	4.0	1.0	4389.500000000001
ANGPTL2	415.0	543.0000000000002	2.0	2235.500000000001	6.0	1.0	5897.000000000002
ANK1	134.00000000000006	31.499999999999996	200.50000000000006	37.999999999999986	12.000000000000004	107910.99999999975	51.0
ANKRD1	9183.999999999998	10247.999999999987	2.0	198.0	7.5	1.0	195.5
ANKRD36BP2	7.0	6.0	111.99999999999997	3.5	7.0	910991.0000000006	5.000000000000001
ANO9	17.999999999999996	11.500000000000004	1174.0	4.0	44.5	1.0	5.000000000000001
ANPEP	13.999999999999996	8594.5	60.00000000000001	6578.999999999997	13748.500000000004	1.0	1423.0
ANTXR1	3768.0000000000023	311.0000000000001	2.0	5456.999999999998	8.0	1.0	3815.5
AOAH	2.0	2.0	220.9999999999999	1.0	3720.4999999999995	16.999999999999996	2.0
AOC3	59.000000000000014	7.5	18.999999999999996	16.5	33.99999999999999	1.0	30065.999999999993
AOX1	11.000000000000004	20.500000000000007	2.0	777.9999999999998	5.000000000000001	16.999999999999996	4587.499999999998
APLN	28.999999999999996	5826.000000000004	1.0	74.99999999999997	5.000000000000001	1.0	143.49999999999997
APOBR	2.0	2.0	319.4999999999999	1.0	6309.999999999999	1.0	3.0
APOC1	35.0	7.5	2.0	10.5	318.9999999999998	1.0	11342.499999999993
APOE	1164.0000000000007	11.000000000000004	8.0	15.5	995.5000000000005	1.0	124801.5
AQP7	7.0	1.0	4.0	2.0	2.0	1.0	6204.5
AQP9	1.0	1.0	16.0	1.5	5872.499999999999	32.0	4.5
ARHGAP15	1.0	2.0	1759.5	1.0	741.0	1795.0000000000014	1.0
ARHGAP29	1475.0	6694.499999999998	3.0	2386.5	11.500000000000004	16.999999999999996	2977.5
ARHGEF15	13.999999999999996	1360.0	1.0	1.0	1.0	1.0	1.0
ARSJ	298.0000000000001	1316.0	2.0	2407.0000000000005	2.0	1.0	513.5
ASS1	1480.9999999999995	60.00000000000001	4.0	1359.5000000000005	5.000000000000001	1.0	19903.99999999999
ASS1P11	8.0	1.5	1.0	12.000000000000004	1.0	1.0	672.0000000000001
ATP1B2	2252.0	1.0	5.000000000000001	1.5	5.000000000000001	857.9999999999998	6.5
AXL	1775.999999999999	3200.5	8.0	14104.999999999998	48.5	1.0	2443.999999999998
AZGP1	2.0	1.0	1.0	1.0	1.0	1.0	3159.0000000000014
BACH2	1023.0000000000003	86.99999999999997	2214.999999999999	7.5	13.0	1.0	13.499999999999998
BCL11B	59.000000000000014	4.0	969.4999999999999	1.0	8.999999999999998	18.999999999999996	7.5
BCL6B	8.0	3869.0	5.000000000000001	2.0	2.0	1.0	1.0
BDKRB1	9.999999999999998	1.0	1.0	1312.4999999999998	2.0	1.0	30.000000000000004
BDKRB2	70.0	7.0	1.0	2259.999999999999	2.0	1.0	161.49999999999994
BGN	807.9999999999994	4025.4999999999973	1.0	10159.0	2.0	1.0	1966.9999999999998
BICC1	810.0000000000005	27.499999999999993	2.0	5394.5	7.0	1.0	898.5000000000005
BICDL1	56.00000000000002	3.0	1005.4999999999998	3.0	24.0	1.0	13.999999999999996
BLK	7.0	2.0	410.0000000000001	3.0	3.0	1.0	2.0
BMP5	5903.999999999999	1.0	1.0	1.0	1.0	1.0	1.0
BMP6	85.0	4255.500000000001	8.999999999999998	142.5	21.000000000000007	1.0	38.999999999999986
BMP7	1316.9999999999998	1.0	1.0	1.0	2.0	1.0	1.0
BMX	4.0	2596.499999999998	1.0	1.0	4.0	1.0	1.0
BNIP3L	3624.999999999997	2453.000000000001	1232.4999999999995	4140.5	4142.499999999997	5554015.0	11984.999999999989
BTLA	2.0	2.0	706.0000000000005	2.0	7.0	74.00000000000001	11.500000000000004
BVES	6448.000000000001	163.99999999999994	3.0	408.0000000000001	4.0	1.0	483.9999999999999
C14orf180	43.0	1.0	1.0	1.0	1.0	1.0	4612.0
C15orf48	3.0	4.0	7.0	20.000000000000004	560.9999999999999	1.0	3.0
C16orf54	3.0	2.0	1548.5	1.0	837.9999999999995	1.0	1.0
C1QA	1.0	1.0	2.0	1.0	2110.999999999999	1.0	16.0
C1QB	1.0	1.0	2.0	1.0	1349.9999999999998	1.0	3.0
C1QC	1.0	1.0	2.0	1.0	1357.0000000000005	1.0	1.0
C1QTNF1	155.0	71.00000000000001	2.0	2849.999999999998	6.0	1.0	2717.4999999999995
C1QTNF5	45.0	674.0000000000001	1.0	171.50000000000003	2.0	1.0	177.00000000000003
C3AR1	2.0	9.999999999999998	49.00000000000001	10.5	3448.499999999999	1.0	3.0
C5AR1	5.000000000000001	3.0	61.999999999999986	17.499999999999996	13941.499999999993	93.99999999999996	25.999999999999993
C7	2403.000000000001	5.000000000000001	1.0	11.500000000000004	2.0	1.0	374.0000000000002
C8orf4	44.0	698.0000000000002	1.0	461.50000000000006	2.0	1.0	5.000000000000001
CA1	3.0	2.0	2.0	1.0	2.0	152825.00000000003	1.0
CA12	42.000000000000014	41.0	2.0	3975.999999999999	15.000000000000002	1.0	2251.499999999999
CALB2	35.99999999999999	1.0	1.0	20.0	1.0	1.0	1911.5
CALD1	12234.000000000011	6591.499999999998	9.999999999999998	25537.99999999998	11.000000000000004	1.0	25427.499999999996
CAP2	4308.0	218.49999999999997	1.0	1019.4999999999998	2.0	1.0	797.4999999999998
CARD11	46.00000000000001	864.9999999999998	3963.000000000002	18.5	46.00000000000001	16.999999999999996	3.0
CARMIL2	28.999999999999996	25.00000000000001	2548.499999999999	16.5	25.00000000000001	1.0	8.999999999999998
CAV1	815.9999999999998	22489.5	13.0	12073.499999999996	5.000000000000001	1.0	29512.499999999985
CAV2	794.0000000000007	3717.000000000001	2.0	2550.0	6.0	1.0	11508.999999999996
CCDC80	6930.999999999999	956.0000000000001	20.000000000000004	27932.499999999993	50.499999999999986	1.0	44110.49999999996
CCL3	2.0	2.0	130.50000000000006	2.0	2459.5000000000005	18.999999999999996	1.0
CCR1	1.0	1.0	56.00000000000002	1.0	8144.000000000002	1.0	4.0
CCR4	1.0	3.0	248.99999999999994	3.5	4.0	16.999999999999996	1.0
CCR6	4.0	2.0	394.0	1.5	6.0	1.0	3.0
CCR7	3.0	2.0	4277.500000000001	34.0	37.99999999999999	16.999999999999996	26.999999999999993
CD14	3.0	14.5	18.999999999999996	30.999999999999996	14547.499999999993	16.999999999999996	143.50000000000006
CD163	3.0	2.0	6.0	2.0	7205.0	1.0	1.0
CD2	1.0	2.0	639.0000000000003	1.0	22.0	1.0	1.0
CD247	4.0	2.0	1514.0000000000002	1.0	15.000000000000002	16.999999999999996	1.5
CD248	584.0000000000001	2.0	16.999999999999996	4693.000000000003	5.000000000000001	1.0	9095.5
CD28	1.0	2.0	589.5	1.5	14.5	16.999999999999996	4.0
CD300C	1.0	2.0	15.000000000000002	1.0	742.4999999999998	1.0	1.0
CD300E	3.0	1.5	15.000000000000002	1.0	1977.0000000000005	1.0	1.0
CD300LB	1.0	2.0	7.0	1.0	600.4999999999999	1.0	1.0
CD300LF	1.0	2.0	9.999999999999998	1.0	1840.0000000000007	1.0	1.0
CD33	1.0	2.0	22.0	1.0	1589.9999999999986	1.0	1.0
CD34	25.00000000000001	1401.4999999999998	3.0	34.5	3.0	1.0	18.999999999999996
CD36	105.00000000000004	34.5	10.5	15.499999999999996	5720.500000000001	104607.00000000015	88598.49999999999
CD3D	1.0	2.0	360.9999999999999	1.0	4.0	16.999999999999996	1.0
CD3E	1.0	2.0	1309.5000000000005	1.0	8.0	18.999999999999996	1.0
CD3G	1.0	2.0	274.99999999999994	1.0	5.000000000000001	1.0	1.0
CD40LG	1.0	1.0	150.99999999999997	1.0	4.0	1.0	1.0
CD46P1	2.0	7.0	8.0	4.0	18.999999999999996	11866.999999999984	37.99999999999999
CD48	1.0	2.0	6294.500000000002	1.0	4325.499999999998	18.999999999999996	1.0
CD5	5.000000000000001	2.0	1294.4999999999995	2.0	41.50000000000001	16.999999999999996	1.0
CD52	2.0	2.0	6453.0	1.0	3634.999999999998	32.0	90.49999999999997
CD53	3.0	2.0	8304.500000000002	1.0	14839.499999999989	18.999999999999996	1.0
CD6	9.999999999999998	2.0	2677.0000000000005	1.0	20.000000000000004	1.0	12.000000000000004
CD68	44.0	573.4999999999998	316.49999999999994	2023.5	29346.999999999985	16.999999999999996	1357.4999999999995
CD69	2.0	94.99999999999997	3633.9999999999995	1.0	41.0	111.00000000000001	1.0
CD7	3.0	2.0	644.5	2.0	50.999999999999986	1.0	5.5
CD79A	4.0	5.000000000000001	725.4999999999999	4.5	13.999999999999996	1.0	5.000000000000001
CD79B	2.0	13.0	1111.0	1.0	39.499999999999986	1.0	1.0
CD86	1.0	2.0	116.50000000000003	1.0	1759.5	16.999999999999996	1.0
CD93	35.0	19868.999999999993	69.49999999999997	8.5	2707.0000000000014	18.999999999999996	1.0
CD96	8.0	2.0	1507.9999999999995	5.5	7.5	18.999999999999996	488.0
CDA	1.0	9.999999999999998	4.0	89.0	466.5000000000001	1.0	3.0
CDH1	115.00000000000004	2.0	19.5	3.0	8.999999999999998	29320.000000000007	9.999999999999998
CDH11	6020.999999999999	621.0000000000002	1.0	12137.0	3.0	1.0	4334.999999999998
CDH2	15678.999999999998	1134.0000000000005	3.0	12280.499999999996	8.0	1.0	976.0
CDH3	2320.0	1.0	6.0	2.0	2.0	1.0	16.0
CDH5	30.999999999999993	19838.000000000007	1.0	59.499999999999986	7.0	1.0	3.0
CDH6	130.00000000000006	12.500000000000002	1.0	1402.5	2.0	1.0	532.0000000000002
CDO1	181.00000000000003	22.000000000000007	2.0	23.000000000000004	2.0	1.0	3949.499999999998
CDR1	178.0	3.0	1.0	750.4999999999999	1.0	1.0	4299.000000000002
CDR1-AS	158.99999999999994	3.0	1.0	724.4999999999998	1.0	1.0	4274.499999999998
CEMIP	162.99999999999994	36.5	45.0	34731.5	54.00000000000002	1.0	1245.4999999999995
CEP57L1P1	35.99999999999999	33.99999999999999	13.999999999999996	25.00000000000001	16.999999999999996	27176.00000000002	67.5
CGNL1	5850.999999999996	1449.5	2.0	70.50000000000001	4.0	1.0	68.50000000000001
CHI3L1	8.0	2.0	5.000000000000001	97.0	1745.5000000000005	1.0	458.4999999999998
CHRDL1	33.0	1.0	1.0	3.0	1.0	1.0	10602.499999999989
CHRM2	2096.999999999999	1.0	1.0	671.0000000000002	1.5	1.0	5.000000000000001
CHRM3-AS2	5.000000000000001	2.0	176.00000000000003	1.0	3.0	1.0	1.0
CHST13	3.0	2.0	2.0	1.0	241.49999999999997	1.0	1.0
CIDEC	1.0	1.0	2.0	1.0	3.0	1.0	26197.999999999985
CKM	1099.9999999999998	2.0	2.0	1.5	5.000000000000001	1.0	2.0
CLDN11	25.00000000000001	2914.499999999999	4.0	5894.5	8.0	1.0	1304.0
CLDN5	2.0	906.9999999999995	3.0	2.0	1.5	1.0	1.0
CLDN6	1721.000000000001	1.5	1.0	2.5	2.0	1.0	4.0
CLEC10A	1.0	4.5	4.0	1.0	254.00000000000006	1.0	1.0
CLEC12A	2.0	2.0	16.0	1.0	1345.4999999999995	18.999999999999996	1.0
CLEC14A	1.0	5409.000000000002	1.0	54.0	1.0	1.0	1.0
CLEC4E	3.0	2.0	4.0	1.0	1080.4999999999998	1.0	1.0
CLEC5A	1.0	1.0	3.0	1.0	749.4999999999998	16.999999999999996	3.0
CLEC7A	2.0	2.0	21.000000000000007	1.0	6516.000000000002	16.999999999999996	2.0
CLMP	186.00000000000006	69.49999999999997	12.000000000000004	7450.499999999997	34.5	16.999999999999996	10530.499999999996
CLSTN2	3541.0000000000005	5.000000000000001	1.0	13.000000000000004	3.0	1.0	59.999999999999986
CNN1	2901.0	5.5	1.0	1123.9999999999995	2.0	1.0	489.9999999999999
CNTLN	425.9999999999998	446.0	23.000000000000004	358.5	437.0	94835.00000000012	356.4999999999999
COL11A1	2495.9999999999977	2.0	1.0	224.0	2.0	1.0	1975.5
COL12A1	1805.9999999999993	1133.0000000000005	2.0	38714.50000000001	3.0	32.0	12425.499999999993
COL14A1	1306.9999999999995	4.0	1.0	48.5	2.0	1.0	988.4999999999998
COL15A1	145.0	2.0	3.0	627.4999999999999	8.999999999999998	1.0	5716.499999999996
COL16A1	627.9999999999997	21.500000000000004	3.0	3260.9999999999973	3.0	1.0	3484.499999999999
COL1A1	46174.999999999985	21.000000000000007	11.500000000000004	210412.50000000023	25.00000000000001	1.0	101835.50000000013
COL1A2	23409.00000000001	519.0000000000002	3.0	420564.99999999965	8.0	1.0	196162.50000000012
COL2A1	6958.000000000002	1.0	1.0	1.5	1.0	1.0	4.0
COL3A1	54842.00000000006	163.49999999999997	1.0	185266.0000000001	4.0	1.0	288228.4999999998
COL4A1	14443.999999999984	18074.499999999993	1.0	14950.000000000004	10.5	1.0	77585.0
COL4A2	14256.999999999987	18141.999999999996	2.0	13069.000000000004	34.5	1.0	50699.00000000003
COL4A5	7785.0	1109.5	2.0	956.5	2.0	1.0	910.9999999999998
COL4A6	4740.000000000001	135.99999999999997	2.0	57.99999999999999	2.0	1.0	310.5
COL5A1	14401.000000000018	6614.000000000002	16.0	21467.499999999996	7.0	1.0	28437.49999999998
COL5A2	10042.000000000002	5373.999999999998	25.999999999999993	28751.499999999993	10.5	1.0	46658.000000000015
COL5A3	16.0	3.0	16.999999999999996	416.9999999999998	13.999999999999996	1.0	17551.999999999993
COL6A1	5142.000000000001	536.5000000000002	37.00000000000001	47616.999999999985	114.0	1.0	56278.5
COL6A3	2784.000000000001	11.0	59.000000000000014	115288.50000000003	21.000000000000007	1.0	45564.50000000001
COL8A1	802.9999999999998	4878.0	1.0	4473.999999999998	3.0	1.0	6506.999999999998
CPA4	161.99999999999994	8.0	1.0	1408.499999999999	2.0	1.0	288.4999999999999
CPVL	665.0000000000002	8.0	20.000000000000004	1.0	2241.4999999999995	1553.0000000000002	14.5
CR1L	1.0	2.0	8.0	1.0	38.999999999999986	69413.00000000001	1.0
CR2	2.0	1.0	148.00000000000003	1.0	2.0	16.999999999999996	1.0
CREB3L1	770.9999999999994	22.500000000000004	2.0	2717.500000000001	4.0	1.0	641.5
CRYAB	1833.0000000000007	4.0	1.0	268.9999999999999	2.0	1.0	2284.0
CSDAP1	102.99999999999994	258.0	34.5	71.0	108.00000000000004	68189.00000000006	299.0000000000001
CSF1R	11.000000000000004	5.000000000000001	60.500000000000014	12.000000000000004	9943.500000000004	1.0	12.500000000000002
CSF2RA	44.0	2.0	16.999999999999996	1.0	2774.0	1.0	251.49999999999994
CSF3R	56.00000000000002	2.0	38.999999999999986	1.0	8095.000000000002	1.0	3.5
CSRP3	5831.000000000001	1.0	1.0	1.0	1.0	1.0	1.0
CSTA	1.0	1.0	6.0	26.0	1659.500000000001	16.999999999999996	95.5
CTA-363E6.6	1.0	1.0	1.0	1.0	1.0	113184.0000000001	1.0
CTA-373H7.7	17.999999999999996	2.0	474.4999999999999	9.999999999999998	9.999999999999998	1.0	8.999999999999998
CTB-113P19.1	265.9999999999999	168.5	2.0	1848.0	15.000000000000002	1.0	3570.999999999999
CTB-133G6.1	4.0	2.0	566.4999999999998	2.0	37.99999999999999	1.0	3.0
CTB-186G2.1	2.0	2.0	215.00000000000003	1.0	11.000000000000004	1.0	2.0
CTD-2033D15.1	283.99999999999983	4495.000000000002	3.0	6148.0	30.999999999999993	1.0	1221.499999999999
CTD-2033D15.3	264.00000000000017	3946.499999999999	3.0	6811.499999999997	21.0	1.0	974.4999999999993
CTD-2201G16.1	667.0	1.0	1.0	1.0	1.0	1.0	1.0
CTD-2545M3.8	6161.0000000000055	3.0	15.000000000000002	2.0	31.499999999999996	1.0	3.0
CTD-3187F8.14	1.0	1.0	4.0	1.0	418.4999999999997	1.0	1.0
CTGF	4402.000000000003	19299.500000000007	4.0	15692.500000000004	3.0	1.0	3959.999999999999
CTNNA3	2100.0	1.0	2.0	1.0	1.0	1.0	6.0
CXCL12	4718.0	14.5	1.0	2877.0	17.999999999999996	1.0	1509.4999999999993
CXCR3	1.0	2.0	298.99999999999994	1.0	6.0	1.0	1.0
CXorf36	2.0	1327.5	2.0	1.0	1.0	1.0	1.0
CYBB	12.000000000000004	2.0	519.5000000000005	1.0	24753.999999999985	3992.9999999999977	1.0
CYP27A1	183.99999999999991	147.5	8.0	181.99999999999997	4760.499999999998	1.0	204.0
CYR61	2332.000000000001	9500.499999999996	2.0	19305.5	4.0	1.0	1035.9999999999998
CYTIP	3.0	2.0	4762.0	1.0	2623.9999999999995	48.0	3.0
CYYR1	332.00000000000017	517.0000000000001	2.0	1.0	3.0	16.999999999999996	4.0
DCAF12	1281.9999999999989	1201.5	544.5	993.5	1399.4999999999995	1031326.0000000003	1765.0
DCN	524.0	13.0	1.0	21393.499999999985	3.0	1.0	10857.5
DDAH1	1647.0	1883.5000000000002	4.0	4203.0	8.0	1.0	2001.499999999999
DDR2	1281.9999999999989	1747.4999999999995	27.999999999999993	14423.500000000002	9.999999999999998	1.0	12393.499999999993
DENND1C	63.000000000000014	2.0	2559.0	1.5	1274.499999999999	1.0	2.0
DKK1	257.0000000000001	898.0	1.0	1314.5000000000005	2.0	1.0	124.5
DKK3	3128.000000000002	3379.0000000000005	6.0	12500.500000000004	3.5	1.0	2570.0
DLEU2_1	5.000000000000001	9.999999999999998	11.000000000000004	5.000000000000001	16.0	16320.999999999989	5.000000000000001
DLK1	810.0000000000005	2.0	1.0	1.0	2.0	1.0	3.0
DMTN	25.00000000000001	435.5000000000003	86.49999999999999	14.5	5.000000000000001	165099.99999999988	174.49999999999997
DNAJC6	1626.9999999999998	169.49999999999994	37.99999999999999	55.500000000000014	24.0	486498.0000000002	57.500000000000014
DPT	1.0	1.0	1.0	7.0	1.0	1.0	599.4999999999997
DPYSL3	16564.999999999993	5548.499999999998	3.0	7466.999999999996	62.5	1.0	2486.999999999998
DSC2	2162.9999999999995	2.0	3.0	1.0	769.9999999999998	1.0	10.0
DSG2	5128.000000000002	3.0	11.500000000000004	78.0	5.000000000000001	92.00000000000001	45.00000000000001
DSP	21244.000000000004	13.999999999999996	7.0	1331.9999999999995	16.999999999999996	341.9999999999999	1597.9999999999995
ECSCR	20.000000000000004	4906.999999999999	4.0	66.0	2.0	1.0	20.0
EDIL3	2259.999999999999	579.0	1.0	5537.000000000001	3.0	146.00000000000003	3320.999999999999
EDN1	204.99999999999991	5987.499999999996	20.000000000000004	320.9999999999999	33.99999999999999	1.0	46.50000000000001
EDNRA	3949.9999999999995	3.0	1.0	362.9999999999999	2.0	1.0	900.9999999999999
EFEMP1	907.9999999999994	43458.00000000001	1.0	19366.5	2.0	1.0	2469.499999999998
EFNB3	1283.9999999999995	23.000000000000004	1.0	132.5	2.0	1.0	79.00000000000001
EFS	625.0000000000005	1.0	1.0	103.99999999999999	2.0	1.0	727.0000000000002
EGFL7	252.00000000000006	4716.999999999998	7.0	173.49999999999994	57.99999999999999	1.0	154.0
EGFR	520.0	260.4999999999999	1.0	6640.999999999996	2.0	1.0	3392.4999999999995
EHD2	927.9999999999993	4833.999999999999	3.0	7730.4999999999945	9.999999999999998	1.0	7933.999999999997
ELN	26.999999999999993	8.999999999999998	2.0	715.0000000000002	2.0	1.0	3697.499999999999
EMCN	107.00000000000003	1827.0000000000005	1.0	4.0	1.0	1.0	57.00000000000002
EPB42	27.999999999999993	20.500000000000007	137.5	13.499999999999998	65.0	66946.00000000003	29.999999999999993
EPCAM	277.0000000000001	7.0	2.0	1.0	3.0	5319.000000000003	6.0
EPHA2	814.9999999999994	3055.5	3.0	1285.9999999999995	8.5	1.0	328.5000000000001
EPHA7	1014.9999999999998	6.5	1.0	2.0	1.0	1.0	10.5
ERBB4	2121.0000000000005	2.0	1.0	3.0	2.0	1.0	17.999999999999996
ERG	118.99999999999994	5121.499999999997	2.0	2.0	4.0	1.0	8.999999999999998
ESAM	25.00000000000001	4039.0000000000027	36.5	5.000000000000001	8.0	1.0	4.0
ESM1	22.0	5073.5	3.0	154.50000000000003	1.0	1.0	4.0
ESRRG	863.0000000000002	1.0	2.0	2.0	1.0	1.0	4.5
F13A1	1.0	2.0	8.999999999999998	1.0	1165.5	16.999999999999996	1.0
FABP4	2.0	213.0	1.0	4.0	76.99999999999997	1.0	160093.00000000006
FAM124B	2.0	1398.4999999999998	9.499999999999998	1.0	16.999999999999996	1.0	1.0
FAM159A	4.0	1.0	246.50000000000009	1.0	3.0	1.0	3.0
FAM189A2	823.0000000000002	135.5	1.0	2.0	2.0	1.0	12.000000000000002
FAM30A	1.0	2.0	210.99999999999994	1.0	4.0	16.999999999999996	1.0
FAM46C	83.99999999999997	23.000000000000004	2209.5	115.99999999999999	34.5	1522573.999999997	66.49999999999997
FAM65B	440.0000000000001	2.0	8590.0	8.5	835.9999999999995	16.999999999999996	31.499999999999993
FAP	18.999999999999996	25.999999999999993	1.0	5246.5	7.0	1.0	2094.0
FAT1	11096.0	425.00000000000006	4.0	15645.999999999996	4.0	3661.9999999999995	11403.500000000005
FAT3	2352.0000000000014	5.000000000000001	2.0	105.49999999999999	2.0	1.0	251.0
FBLIM1	1588.9999999999986	3904.499999999998	2.0	3893.0000000000036	14.5	1.0	1405.0
FBLN1	2209.000000000001	18.999999999999996	2.0	3101.999999999999	4.0	1.0	3666.5
FBLN2	1112.9999999999993	49.5	35.0	3541.000000000002	6.0	1.0	15070.999999999985
FBN1	4787.999999999997	5082.0	30.999999999999993	86225.99999999991	23.000000000000004	49.00000000000001	30927.00000000001
FBN2	21539.000000000022	2021.0000000000005	3.0	4642.5	376.5000000000001	1.0	6882.499999999997
FCAR	1.0	1.0	5.000000000000001	1.0	427.5	1.0	1.0
FCER1G	3.0	11.500000000000004	116.50000000000003	6.5	13937.000000000004	16.999999999999996	8.0
FCGR1A	8.0	2.0	3.5	2.5	1596.9999999999995	1.0	7.0
FCGR1B	1.0	1.0	2.0	1.0	665.5000000000002	1.0	4.0
FCGR1CP	1.0	1.0	2.0	1.0	507.99999999999983	1.0	2.0
FCGR2A	6.0	8.5	107.00000000000003	5.5	10422.000000000004	171.9999999999999	24.0
FCGR2C	1.0	2.0	143.50000000000006	1.5	2952.500000000001	63.000000000000014	7.5
FCGR3A	1.0	2.0	93.49999999999997	1.0	11189.499999999996	63.000000000000014	3.0
FCGR3B	1.0	1.0	25.999999999999993	1.0	3001.999999999999	49.00000000000001	1.0
FCHO2	595.0000000000002	844.0000000000001	96.0	493.5000000000001	1660.9999999999993	368401.9999999994	600.4999999999998
FCMR	5.000000000000001	2.0	5670.999999999996	22.5	193.50000000000003	1.0	2.0
FCN1	1.0	2.0	38.999999999999986	1.0	6614.5	56.00000000000002	32.0
FCRL1	1.0	1.5	167.99999999999994	1.0	8.0	1.0	1.0
FCRL3	1.0	2.0	963.5000000000001	1.0	5.000000000000001	1.0	1.0
FERMT2	4700.999999999999	2737.5000000000005	9.499999999999998	5814.499999999996	21.500000000000004	1.0	12284.999999999996
FFAR2	1.0	2.0	5.000000000000001	1.0	804.9999999999998	16.999999999999996	3.0
FGD5	79.99999999999997	3863.999999999998	4.0	7.5	39.499999999999986	1.0	9.999999999999998
FGF5	64.0	48.5	1.0	1755.0000000000005	2.0	1.0	138.0
FGL2	32.0	2.5	366.5000000000001	177.0	9290.499999999996	33.0	26.999999999999993
FGR	1.0	6.0	776.5000000000002	1.0	13019.999999999998	16.999999999999996	596.9999999999995
FIBIN	118.00000000000003	1.0	1.0	674.4999999999998	1.0	1.0	827.4999999999997
FIGN	2447.999999999999	125.49999999999997	1.0	138.50000000000003	2.0	1.0	280.4999999999999
FKBP10	4780.000000000002	3474.499999999998	6.0	19252.500000000007	5.000000000000001	1.0	6820.500000000002
FLNC	13068.000000000015	2834.9999999999995	3.0	13190.499999999993	17.999999999999996	1.0	3315.4999999999986
FLRT2	3067.0	3042.5	2.0	1183.5	37.99999999999999	1.0	410.0000000000001
FN1	178996.00000000003	79113.99999999997	52.000000000000014	868325.4999999994	709.5000000000002	66.0	148637.49999999988
FNDC4	160.99999999999997	400.00000000000006	1.0	319.9999999999999	2.0	1.0	1832.0000000000002
FOLR2	1.0	1.0	4.0	1.0	269.99999999999994	1.0	1.0
FOXC2	96.99999999999994	539.0000000000001	1.0	102.50000000000003	1.0	1.0	104.0
FPR1	1.0	2.0	13.0	2.0	3384.0	16.999999999999996	6.5
FPR2	1.0	1.0	5.000000000000001	1.0	702.4999999999998	1.0	1.0
FPR3	8.999999999999998	1.0	2.0	1.0	1144.9999999999995	1.0	5.5
FRAS1	6764.000000000003	214.0	4.0	103.0	2.5	1.0	140.99999999999991
FREM1	2448.999999999998	8.0	2.0	2.0	1.0	16.999999999999996	43.5
FREM2	4619.000000000001	1.0	1.0	1.0	1.5	1.0	5.000000000000001
FST	455.9999999999999	210.0	4.0	5069.000000000002	5.000000000000001	1.0	325.9999999999999
FSTL1	25991.00000000002	15775.500000000005	6.0	56576.5	17.999999999999996	1.0	73025.00000000003
FZD4	981.0000000000002	4615.0	7.0	1444.5	13.0	1.0	15841.500000000005
GALNT5	267.0000000000001	1.0	2.0	3441.999999999999	2.0	8408.000000000005	562.5
GATA1	2.0	2.0	4.0	1.0	2.0	27177.000000000025	1.0
GATA4	4624.999999999998	1.0	1.0	17.0	2.0	1.0	1.0
GHR	215.00000000000003	21.000000000000007	1.0	56.000000000000014	2.0	1.0	790.9999999999997
GJA1	5195.999999999998	6126.499999999996	1.0	11765.999999999993	5.000000000000001	1.0	5376.499999999999
GNG11	265.9999999999999	7218.500000000002	8.0	998.0	12.000000000000004	1.0	1028.5
GNG12	3538.0000000000027	5149.500000000001	2.0	8085.499999999998	28.999999999999996	1.0	9046.5
GNLY	1.0	2.0	359.0000000000001	1.0	26.499999999999993	16.999999999999996	2.0
GPC3	4012.999999999998	1.0	3.0	1.0	6.0	1.0	107.00000000000003
GPC6	3934.0000000000005	2.0	1.0	1880.9999999999998	2.0	109.99999999999996	3300.499999999999
GPD1	20.000000000000004	2.0	16.0	3.0	16.5	1.0	65462.00000000003
GPNMB	43.0	12.000000000000004	5.000000000000001	2854.9999999999986	1968.9999999999993	1.0	1736.4999999999995
GPR15	1.0	1.0	117.50000000000003	1.0	1.0	16.999999999999996	1.0
GPR171	4.0	1.0	219.99999999999991	1.0	4.5	1.0	1.0
GPR174	1.0	2.0	334.9999999999998	1.0	4.0	1.0	1.0
GPR176	301.99999999999994	870.0000000000001	2.0	7096.499999999996	7.0	265.0000000000001	974.0000000000005
GPR4	5.000000000000001	394.49999999999994	1.0	103.99999999999999	1.0	1.0	2.0
GPR84	2.0	1.0	4.0	2.0	446.0	1.0	2.0
GPX8	2309.000000000001	1663.5	1.0	4420.5	6.0	1.0	4342.5
GRAP2	6.0	2.0	1156.9999999999995	2.0	11.000000000000004	4763.000000000002	4.5
GREM1	397.9999999999997	8.0	2.0	79606.50000000009	68.5	1.0	1444.0000000000005
GYG2	1054.000000000001	3.0	1.0	234.00000000000009	2.0	1.0	3202.0000000000014
GYPA	1.0	1.5	1.0	1.0	1.0	151124.00000000006	1.0
GYPB	2.0	1.0	1.0	1.0	1.0	121919.99999999991	1.0
GYPC	520.0	107.50000000000003	1646.9999999999995	676.0	908.0000000000002	1408385.0000000023	3443.499999999998
GYPE	4.0	3.0	23.000000000000004	24.0	3.0	21823.000000000004	62.5
GZMB	1.0	2.0	323.4999999999998	1.0	8.0	1.0	2.0
GZMH	1.0	2.0	159.99999999999994	1.0	3.0	1.0	1.0
GZMM	3.0	2.0	186.00000000000006	2.0	5.000000000000001	111.00000000000001	2.0
H19	6434.000000000003	3.0	1.0	6.5	6.0	16.999999999999996	14539.999999999993
HAND1	554.0000000000002	1.0	1.0	1.0	1.0	1.0	1.0
HAND2	1903.999999999999	1.0	1.0	185.0	2.0	1.0	142.5
HAND2-AS1	2118.0000000000005	1.0	1.0	190.9999999999999	2.0	1.0	105.50000000000003
HAPLN1	970.0000000000002	4.0	1.0	196.5	2.0	1.0	36.5
HAS2	1135.0000000000002	11.000000000000004	1.0	1848.4999999999995	2.0	1.0	1553.999999999999
HBA1	1.0	2.0	27.499999999999993	1.0	3.5	273443.9999999997	4.0
HBA2	1.0	2.0	37.99999999999999	2.0	5.000000000000001	1412087.9999999995	5.000000000000001
HBB	1.0	2.0	43.0	1.0	5.000000000000001	51808.00000000003	2.0
HBG1	1.0	2.0	2.0	1.0	2.0	17820.0	2.0
HBG2	6.0	3.0	6.0	4.0	3.0	6919.0	3.0
HBM	1.0	2.0	1.0	1.0	1.0	19528.99999999999	1.0
HBQ1	3.0	2.0	2.0	2.0	1.0	6215.000000000002	3.0
HCK	1.0	2.0	125.99999999999994	1.0	12789.000000000002	16.999999999999996	1.0
HCN4	4184.000000000002	1.0	1.0	1.0	1.0	1.0	8.0
HEMGN	1.0	2.0	18.999999999999996	1.0	1.0	1000598.0000000006	1.0
HEPH	4607.999999999999	13.0	1.0	1541.0	3.0	1.0	853.5
HHIP	121.00000000000009	13458.999999999993	2.0	185.0	2.0	1.0	24.999999999999996
HHIP-AS1	38.999999999999986	1539.5000000000005	2.0	61.000000000000014	1.0	1.0	15.000000000000002
HIF3A	2065.0000000000005	28.499999999999993	2.0	13.0	2.0	1.0	321.4999999999999
HIST1H2BM	3.0	2.0	3.0	7.5	2.0	3460.0000000000005	3.0
HK3	1.0	2.0	26.999999999999993	1.0	9047.500000000004	16.999999999999996	1.0
HMGA2	6297.0	1622.4999999999995	3.0	2756.0	9.999999999999998	453.9999999999997	469.9999999999999
HOOK1	775.0000000000001	2.0	352.0000000000002	1.0	3.0	2979.9999999999995	4.0
HRASLS5	2.0	1.0	3.0	1.0	2.0	79.00000000000001	1442.0000000000002
HRC	1622.0000000000002	1.0	1.0	2.0	2.0	1.0	2.0
HSPB7	14294.000000000016	1.0	2.0	261.50000000000017	11.000000000000004	1.0	282.0
HSPB8	1658.0	257.5000000000001	1.0	735.5	2.0	1.0	1742.9999999999998
HSPG2	7772.999999999996	50221.49999999997	119.49999999999994	9176.999999999996	71.00000000000001	49.00000000000001	14787.499999999989
HTRA1	2205.9999999999995	1674.9999999999995	2.0	3430.999999999998	131.00000000000006	1.0	12277.499999999993
ICOS	1.0	2.0	239.4999999999999	1.0	3.0	1.0	1.0
IFI30	16.999999999999996	41.0	800.4999999999998	398.4999999999999	58638.499999999985	48.0	189.5
IFIT1B	4.0	2.0	1.0	2.0	5.000000000000001	89251.00000000003	2.0
IGF2	19780.000000000007	203.49999999999994	2.0	227.99999999999997	6.0	1738.0000000000002	314.0
IGF2BP1	5901.0	1293.5	2.0	282.0	4.0	1.0	639.4999999999995
IGFBP3	2959.0	145.0	16.999999999999996	24572.5	4.0	1.0	5201.0
IGFBP5	8325.999999999998	12.500000000000002	1.0	45461.99999999997	2.0	1.0	48991.999999999956
IGFBP6	105.00000000000004	109.00000000000004	3.5	4533.0	16.999999999999996	1.0	1267.5
IKZF1	13.0	2.0	10518.5	1.0	3615.999999999999	9011.000000000004	1.0
IKZF3	5.000000000000001	2.0	6325.499999999998	1.0	16.0	16.999999999999996	2.0
IL1RL1	16.999999999999996	4218.500000000002	7.0	4.5	3.0	1.0	3.0
IL1RN	1.0	1.5	18.999999999999996	3.0	5801.999999999998	1.0	2.0
IL24	2.0	2.0	1084.0000000000002	16.5	30.5	1.0	1.0
IL2RA	1.0	1.0	767.0000000000002	1.0	19.5	1.0	1.0
IL2RB	15.000000000000002	2.0	2258.499999999999	7.0	16.0	16.999999999999996	4.0
IL2RG	1.0	2.0	7520.9999999999945	1.0	2358.999999999999	1.0	1.0
INHBA	4119.000000000003	884.4999999999995	4.0	7328.499999999998	49.5	1.0	653.5000000000001
IRF4	13.0	2.0	3144.9999999999995	1.0	155.49999999999994	1.0	7.0
ISLR	33.99999999999999	1.0	1.0	959.5	2.0	1.0	1301.000000000001
ISPD	109.00000000000004	42.000000000000014	16.0	63.49999999999999	8.999999999999998	55066.999999999985	149.50000000000006
ITGAL	2.0	2.0	7805.499999999999	3.5	5313.500000000002	48.0	13.999999999999996
ITGAM	1.0	2.0	671.4999999999998	1.0	10416.5	16.999999999999996	3.0
ITGAX	1.0	28.999999999999996	632.5000000000002	4.0	21495.999999999985	18.999999999999996	1.0
ITGB2	5.000000000000001	8.999999999999998	8071.500000000001	4.0	57586.49999999999	183.99999999999991	13.999999999999996
ITGB7	12.000000000000004	5.000000000000001	5431.0	21.0	580.0	16.999999999999996	36.99999999999999
ITGBL1	5.000000000000001	103.49999999999996	1.0	2662.0	3.0	1.0	4981.5
ITIH5	57.00000000000002	1.0	2.0	5.000000000000001	3.0	1.0	3956.9999999999995
ITK	5.000000000000001	2.0	1660.0000000000007	1.0	15.000000000000002	32.0	1.5
ITLN1	15.000000000000002	2.0	1.0	1.0	5.000000000000001	4949.0	1.0
ITM2A	226.99999999999986	59.000000000000014	1141.0000000000007	2.5	8.0	33.0	1.0
JAKMIP1	5.000000000000001	1.0	111.00000000000001	1.0	1.0	1.0	1.0
JCHAIN	2.0	2.0	263.50000000000006	10.5	6.0	16.999999999999996	4.0
JPH2	1610.9999999999998	1.0	1.0	41.99999999999999	2.0	1.0	79.5
KCNA3	3.0	2.0	918.0	2.0	31.499999999999996	1.0	1.0
KCNE3	7.0	16.0	7.0	22.0	1635.499999999999	16.999999999999996	160.49999999999994
KCNK2	8.999999999999998	1.0	1.0	596.5	1.0	1.0	482.4999999999999
KCNK3	225.9999999999999	2.0	1.0	3.0	2.0	1.0	757.5000000000005
KDR	1362.0000000000007	7719.499999999998	1.0	57.00000000000001	3.0	1.0	15.499999999999996
KEL	212.9999999999999	2.0	6.0	4.0	20.000000000000004	10175.999999999996	3.0
KIAA1462	1135.9999999999993	2438.0000000000014	3.0	1174.5000000000005	4.0	1.0	324.9999999999999
KIF14	400.99999999999983	449.0000000000001	49.999999999999986	196.50000000000006	26.999999999999993	105412.99999999996	20.000000000000004
KIF15	236.00000000000006	346.49999999999966	81.49999999999999	126.49999999999999	24.500000000000007	76194.0	37.99999999999999
KIRREL	4506.999999999997	1631.5	1.0	6858.499999999998	3.0	1.0	5048.500000000001
KLF1	2.0	2.0	3.0	1.0	8.999999999999998	19668.99999999999	1.5
KLRB1	3.0	2.0	226.49999999999994	1.0	5.000000000000001	676.9999999999999	1.0
KRT1	1.0	1.0	5.000000000000001	1.0	1.0	57918.99999999999	1.0
LA16c-390H2.4	8.0	5.000000000000001	213.0	1.0	4.0	1.0	3.0
LAMA4	2456.9999999999995	13673.000000000007	1.0	19927.49999999999	2.0	1.0	24174.500000000007
LAMB1	11375.0	18583.499999999993	24.500000000000007	23613.0	77.99999999999997	1.0	21268.999999999975
LAX1	1.0	2.0	638.4999999999998	1.0	8.0	1.0	3.0
LCK	1.0	2.0	3038.4999999999995	1.0	8.0	16.999999999999996	1.0
LDB2	186.99999999999997	1515.9999999999995	3.0	362.5	2.0	1.0	382.49999999999966
LDB3	8983.99999999999	1.0	5.000000000000001	15.499999999999996	2.0	165.00000000000003	28.499999999999993
LEF1	663.0	3.0	1429.5000000000002	6.5	10.5	162.99999999999994	8.0
LGALS12	1.0	1.0	2.0	1.0	21.000000000000007	1.0	12317.499999999993
LILRA1	1.0	1.0	13.499999999999998	1.0	1267.0000000000002	1.0	1.0
LILRA2	1.0	2.0	26.999999999999993	1.0	2738.499999999998	1.0	1.0
LILRA5	1.0	2.0	8.0	1.0	2505.999999999999	1.0	1.0
LILRA6	4.0	4.0	18.999999999999996	2.0	3260.500000000002	1.0	3.0
LILRB1	1.0	2.0	309.0	1.0	3888.5	1.0	1.0
LILRB2	1.0	2.0	63.000000000000014	1.0	9214.999999999996	16.999999999999996	1.0
LILRB3	8.999999999999998	9.999999999999998	57.50000000000001	8.0	5381.0	1.0	12.500000000000002
LILRB4	1.0	2.0	30.999999999999993	1.0	2896.000000000001	1.0	1.0
LILRB5	1.0	1.0	13.999999999999996	1.5	744.9999999999999	1.0	2.0
LIN28B	657.0000000000001	1.0	1.0	1.0	2.0	1.0	10.5
LINC00426	2.0	16.999999999999996	225.49999999999997	2.0	4.0	1.0	6.5
LINC00704	1.0	352.4999999999997	1.0	18.999999999999996	1.0	1.0	5.000000000000001
LINC00861	2.0	2.0	337.49999999999994	1.0	6.0	1.0	1.0
LINC01215	1.0	11.000000000000004	949.4999999999998	1.0	18.999999999999996	1.0	1.0
LIPG	82.0	1075.499999999999	2.0	1041.0000000000002	5.000000000000001	1.0	116.50000000000003
LMOD1	1407.999999999999	8.999999999999998	2.0	1701.5000000000007	2.0	1629.9999999999989	812.0
LOX	2047.0	1556.5	9.999999999999998	32111.999999999978	13.999999999999996	1.0	3978.4999999999995
LPAR1	164.0	16.5	3.0	6639.500000000002	419.0000000000001	1.0	2996.5
LPL	64.0	3.5	3.0	1.0	338.4999999999999	1.0	69500.0
LRRC10	1394.9999999999989	1.0	1.0	1.0	1.0	1.0	1.0
LRRC15	12.000000000000004	2.0	1.0	958.9999999999997	1.0	1.0	8.0
LRRC25	2.0	2.0	33.0	1.0	3961.0	1.0	1.0
LRRN4CL	8.0	2.0	1.5	88.5	2.0	1.0	1391.5000000000005
LST1	5.000000000000001	17.499999999999996	211.49999999999994	2.0	5967.999999999999	1.0	1.0
LTA	2.0	4.5	463.99999999999983	1.0	11.000000000000004	1.0	1.0
LTB	7.0	28.999999999999996	4468.500000000001	2.0	211.49999999999994	1.0	3.0
LTBP1	9760.999999999995	3501.500000000002	8.0	15727.500000000007	4.0	19867.00000000001	3211.5000000000014
LUM	1671.9999999999986	9.999999999999998	1.0	2970.500000000002	4.0	1.0	2045.9999999999998
LY9	1.0	2.0	1217.4999999999995	1.0	75.99999999999999	2032.9999999999989	1.0
LYZ	5.000000000000001	3.0	219.50000000000003	1.0	69131.99999999988	312.00000000000006	3.0
MAFB	79.99999999999997	176.0	23.5	8.999999999999998	6498.000000000002	16.999999999999996	358.4999999999998
MAL	3.0	1.0	228.99999999999994	1.0	2.0	664.0000000000003	1.0
MALL	11.000000000000004	1445.4999999999986	2.0	53.5	4.0	1.0	53.000000000000014
MAP1B	12969.999999999995	6202.5	13.0	15254.499999999987	8.999999999999998	1.0	7117.9999999999945
MAP4K1	13.999999999999996	5.000000000000001	2747.499999999999	4.0	83.49999999999997	1.0	15.000000000000002
MAPK4	773.9999999999999	1.0	1.0	1.0	1.0	1.0	6.0
MARCO	1.0	1.0	2.0	1.0	516.4999999999999	1.0	127.99999999999996
MASP1	1711.9999999999995	5.5	1.0	992.0000000000002	2.0	1.0	154.00000000000006
MB	1035.0000000000002	1.0	1.0	1.0	1.0	1.0	8.999999999999998
MBNL3	332.00000000000017	143.99999999999997	1490.0000000000005	48.0	380.49999999999983	906802.999999999	251.9999999999999
MBOAT2	1728.9999999999998	431.9999999999998	55.000000000000014	1481.0	275.0	765602.0000000006	709.0
MCAM	512.0	20947.000000000004	42.000000000000014	244.00000000000006	20.000000000000004	1.0	13600.500000000004
MECOM	271.99999999999994	2078.499999999999	2.0	573.5000000000001	3.0	1.0	227.9999999999999
MEFV	1.0	2.0	13.999999999999996	1.0	739.5	18.999999999999996	4.5
MEG3	3.0	4134.999999999998	5.000000000000001	9802.499999999993	7.5	1.0	1354.0
MFAP5	47.00000000000001	6.0	3.0	1960.5000000000018	12.500000000000002	1.0	4845.500000000002
MFRP	47.00000000000001	678.9999999999998	1.0	175.0	2.0	1.0	179.5
MIR100HG	3019.0	435.49999999999994	1.0	3341.500000000001	4.0	1.0	1781.0000000000007
MME	1045.0	449.49999999999983	18.999999999999996	4407.5	199.00000000000006	1.0	41479.99999999997
MMP1	66.0	15589.999999999989	2.0	6629.499999999998	5.000000000000001	1.0	10.5
MMP10	16.999999999999996	482.99999999999994	1.0	25.5	2.0	1.0	2.0
MMP2	5828.0	11237.999999999993	2.0	49223.000000000015	64.0	1.0	14561.500000000007
MMP3	5.000000000000001	4.0	1.0	344.4999999999999	1.0	1.0	1.0
MMP9	9.999999999999998	2.0	16.0	2.5	9828.0	1.0	2.0
MMRN1	12.000000000000004	20039.0	22.0	1.0	2.0	33.0	1.0
MMRN2	48.0	4487.5	16.999999999999996	55.500000000000014	24.000000000000007	1.0	139.49999999999994
MNDA	1.0	2.0	54.00000000000002	1.0	7832.5	48.0	1.0
MORC3	1012.9999999999994	983.5	1952.4999999999995	855.5000000000001	2003.999999999999	1655828.0000000002	1131.4999999999998
MPDZ	4958.000000000003	1869.4999999999995	1.0	1924.999999999999	3.0	1.0	1658.499999999999
MPEG1	2.0	2.0	335.9999999999999	1.0	15861.999999999993	18.999999999999996	6.0
MRC1	5.000000000000001	9.0	6.0	1.0	766.0	63.000000000000014	3.0
MS4A1	1.0	2.0	923.5	1.0	8.999999999999998	1.0	1.0
MS4A4A	1.0	2.0	3.0	1.0	693.4999999999995	1.0	1.0
MS4A6A	2.0	39.499999999999986	17.999999999999996	1.0	3770.4999999999977	1.0	1.0
MS4A7	1.0	2.0	52.000000000000014	1.0	3189.5	18.999999999999996	4.0
MSR1	2.0	13.0	5.000000000000001	27.5	1501.4999999999993	18.999999999999996	39.5
MUM1L1	927.9999999999993	1.0	1.0	2.0	1.0	1.0	46.50000000000001
MXRA5	1885.0000000000007	1.0	1.0	926.9999999999995	2.0	1.0	578.0
MYCT1	37.99999999999999	3466.999999999999	2.0	508.5000000000002	1.0	16.999999999999996	2.0
MYH6	71609.00000000004	1.0	1.0	1.0	1.0	1.0	1.0
MYH7	27535.0	1.0	2.0	1.0	2.0	1.0	1.0
MYL3	6421.9999999999945	1.0	1.0	1.0	1.0	1.0	40.49999999999999
MYL4	13922.999999999996	19.5	2.0	3.0	2.0	15206.999999999998	29.0
MYL7	40470.0	1.0	1.0	1.0	1.0	1.0	1.0
MYLK3	4815.999999999998	2.0	5.000000000000001	4.5	18.499999999999996	1.0	16.5
MYO18B	3603.999999999998	2.0	8.999999999999998	2.0	2.0	265.0000000000001	3.0
MYO1G	5.000000000000001	2.0	5972.999999999998	2.0	4293.5	16.999999999999996	5.000000000000001
MYOCD	7127.999999999994	1.0	1.0	1013.0000000000005	2.0	1.0	10.5
MYOZ2	2379.9999999999977	6.0	2.0	16.999999999999996	1.0	1.0	13.0
MZB1	3.0	2.0	241.4999999999999	1.0	2.0	1.0	1.0
NAV3	350.9999999999996	937.0000000000007	1.0	2165.500000000001	8.999999999999998	1.0	2634.0
NCAM1	10374.99999999999	4.0	26.999999999999993	16.5	41.0	1.0	7.5
NCF1	1.0	2.0	458.49999999999983	2.0	6701.500000000002	1.0	3.0
NCF2	20.000000000000004	5.5	357.4999999999999	28.499999999999993	22960.000000000007	33.0	9.999999999999998
NCR3	1.0	1.5	256.50000000000006	1.0	15.000000000000002	1.0	1.0
NEBL	28715.0	36.5	6.0	4.0	3.0	16.999999999999996	34.5
NEIL3	99.99999999999997	112.49999999999996	20.000000000000004	75.5	9.999999999999998	301676.9999999998	16.5
NELL2	150.00000000000006	2.0	257.0	1.0	3.0	109.99999999999996	5.000000000000001
NES	6720.999999999999	5356.499999999999	2.0	2089.5	39.499999999999986	1.0	150.00000000000006
NFAM1	12.000000000000004	2.0	33.99999999999999	1.0	6696.500000000002	1.0	6.0
NFE2	15.000000000000002	2.0	9.999999999999998	8.0	82.99999999999999	70622.0	8.999999999999998
NFIB	2231.999999999999	2696.9999999999986	2.0	2018.0000000000002	2.0	1.0	900.4999999999999
NLRC3	39.999999999999986	84.0	2516.9999999999977	17.499999999999996	25.00000000000001	48.0	26.999999999999993
NNMT	71.99999999999999	1653.0	2.0	4495.000000000002	3.0	1.0	3281.5000000000014
NOVA2	61.999999999999986	775.5	2.0	46.50000000000001	2.0	1.0	2.0
NOX4	126.00000000000003	446.4999999999998	1.0	190.50000000000003	1.0	1.0	34.0
NPL	61.000000000000014	25.999999999999993	89.0	26.499999999999993	5834.0	25996.999999999978	41.50000000000001
NPNT	3957.999999999998	2.0	2.0	2.0	2.0	1.0	12.000000000000004
NPPB	1388.9999999999993	1.0	1.0	5.000000000000001	2.0	1.0	2.0
NPR3	253.00000000000003	7.0	5.000000000000001	2790.999999999998	4.0	179.0	826.9999999999999
NR2F2	350.9999999999996	4307.999999999998	1.0	2920.499999999998	2.0	1.0	989.4999999999998
NRXN3	135.0	32.0	2.0	261.50000000000006	2.0	6933.999999999999	192.50000000000003
NTN4	180.0	2664.4999999999995	4.0	3752.000000000002	2.0	1.0	1048.5000000000002
NUP210	762.0000000000007	15.5	8243.999999999996	4.0	1059.5000000000005	496.9999999999996	7.5
NUP62CL	63.000000000000014	2.0	20.000000000000004	1.0	3.0	12122.99999999999	2.0
NUPR1	18.999999999999996	23.5	2.0	1264.4999999999995	145.5	1.0	5464.999999999996
OR2W3	6.0	1.0	3.0	3.0	4.0	17326.999999999993	1.5
OSBP2	390.9999999999997	182.49999999999997	57.00000000000002	45.5	24.0	73544.00000000004	96.0
OSCAR	7.0	3.0	13.0	25.00000000000001	2921.000000000001	1.0	8.0
P2RX5	7.0	8.0	1276.5	54.0	38.499999999999986	1.0	17.499999999999996
P2RY10	1.0	2.0	1193.999999999999	1.0	8.0	1.0	1.0
P2RY13	4.0	2.0	7.0	1.0	461.5	1.0	3.0
P2RY8	1.0	2.0	4031.500000000002	1.0	484.5	16.999999999999996	1.0
PADI2	43.0	2.0	13.0	1.0	1062.500000000001	1.0	4.0
PALMD	59.000000000000014	1899.999999999999	1.0	29.0	3.0	93.99999999999996	4148.500000000001
PAMR1	64.0	2.0	1.0	3379.499999999999	2.0	1.0	947.4999999999993
PAPPA	1330.9999999999993	66.50000000000001	7.0	27009.000000000007	3.0	16.999999999999996	4100.0
PAPPA-AS1	378.9999999999997	16.0	2.0	4590.499999999998	2.0	1.0	885.0
PAQR9	15.000000000000002	1.0	1.0	2.5	1.0	9906.999999999998	6.5
PARP15	2.0	38.999999999999986	2034.5	4.0	133.50000000000006	373.0000000000003	8.999999999999998
PARVA	2149.000000000001	2376.0	3.0	5436.000000000002	8.0	1.0	8033.499999999996
PCAT19	2.0	529.5000000000001	2.0	2.0	1.0	1.0	1.0
PCDH1	68.99999999999996	2856.0	6.0	206.99999999999991	5.000000000000001	647.9999999999998	14.5
PCDH10	1524.0000000000014	3067.500000000002	1.0	1852.9999999999995	2.0	1.0	169.00000000000003
PCDH18	840.9999999999997	31.499999999999996	2.0	2702.000000000001	2.0	1.0	8645.499999999998
PCDH20	664.0000000000003	1.0	1.0	1.0	1.0	1.0	1.0
PCDH7	5482.999999999998	412.50000000000006	1.0	1081.0	2.0	1.0	1115.4999999999998
PCDHA1	1154.9999999999998	33.0	1.0	13.999999999999996	2.0	1.0	70.49999999999997
PCDHA10	1364.9999999999993	41.50000000000001	1.0	17.999999999999996	2.0	1.0	72.49999999999997
PCDHA11	1272.9999999999993	33.5	1.0	12.000000000000004	2.0	1.0	63.49999999999999
PCDHA12	1255.9999999999993	33.0	1.0	12.000000000000004	2.0	1.0	59.999999999999986
PCDHA13	1143.9999999999998	32.5	1.0	12.000000000000004	2.0	1.0	56.00000000000002
PCDHA2	1190.9999999999995	33.5	1.0	12.000000000000004	2.0	1.0	64.5
PCDHA3	1189.9999999999989	34.5	1.0	16.5	2.0	1.0	66.99999999999997
PCDHA6	1246.0000000000005	33.5	1.0	15.5	2.0	1.0	73.5
PCDHA7	1153.9999999999998	37.5	1.0	18.499999999999996	2.0	1.0	71.49999999999999
PCDHA8	1164.0000000000007	33.5	1.0	12.000000000000004	2.0	1.0	57.00000000000001
PCDHAC1	1271.9999999999995	32.5	1.0	12.000000000000004	2.0	1.0	79.5
PCDHAC2	1402.0000000000002	54.500000000000014	1.0	13.999999999999996	2.0	1.0	67.5
PCED1B-AS1	4.0	2.0	1680.0000000000005	4.0	153.0	469.9999999999999	2.0
PCK1	1.0	1.0	1.0	1.0	1.0	18.999999999999996	6052.499999999998
PCOLCE2	101.99999999999997	2.0	2.0	74.49999999999997	17.999999999999996	1.0	3149.5
PDE3A	1314.0000000000002	904.0000000000001	2.0	245.0000000000001	3.0	1.0	538.5000000000002
PDGFRA	4258.000000000002	34.5	2.0	12392.500000000007	24.0	1.0	3899.0
PDLIM3	4655.999999999997	161.0	2.0	331.49999999999983	2.0	1.0	16.0
PDZK1IP1	1.0	3.0	2.0	2.5	2.0	34125.0	5.000000000000001
PDZRN3	1505.0000000000007	2.0	1.0	1401.5	2.0	1.0	2429.5
PEAR1	241.99999999999986	2924.999999999999	5.000000000000001	1618.499999999999	6.0	48.0	203.00000000000003
PHOSPHO1	2.0	16.999999999999996	34.5	7.0	296.9999999999998	83351.99999999993	3.0
PKDCC	1223.9999999999995	42.000000000000014	3.0	1048.5	3.0	631.0000000000002	2516.9999999999986
PKP2	7605.000000000001	58.000000000000014	9.999999999999998	8.5	25.00000000000001	1.0	386.4999999999999
PLA2G7	2.0	2.0	2.0	1.0	1947.500000000001	1.0	3.0
PLBD1	188.00000000000003	6.0	23.000000000000004	6.0	4811.500000000001	16.999999999999996	92.00000000000001
PLCXD3	2051.0000000000005	1.5	1.0	3.0	1.0	1.0	2.5
PLEK	2.0	6.0	2166.5	2.0	19359.500000000004	32.0	5.000000000000001
PLIN1	7.0	2.0	8.0	4.0	2.0	1.0	36021.50000000002
PLIN4	30.999999999999993	13.0	37.00000000000001	24.999999999999996	68.5	1.0	103447.99999999997
PLN	21684.000000000022	2.0	5.000000000000001	15.000000000000002	5.000000000000001	1.0	3.0
PLOD2	3914.999999999999	5586.5	3.0	8661.5	13.999999999999996	791.9999999999994	7278.4999999999945
PLS3	14535.999999999985	10977.999999999995	8.999999999999998	8543.5	18.999999999999996	1.0	5260.500000000002
PLSCR4	115.00000000000004	1739.999999999999	1.0	1105.9999999999998	4.0	9925.0	1379.5
PLXDC2	1755.0000000000016	20.0	30.999999999999993	116.50000000000003	6211.000000000002	234.00000000000003	14.5
POLE2	101.0	144.50000000000003	60.00000000000001	60.00000000000001	18.999999999999996	125063.9999999999	43.00000000000001
POSTN	2187.9999999999986	57.000000000000014	1.0	19807.500000000007	2.5	1.0	3797.999999999998
POU2AF1	2.0	2.0	498.0	1.0	2.5	1.0	1.0
PPARG	26.999999999999993	14.5	5.000000000000001	263.5	92.99999999999997	1.0	6660.000000000001
PPARGC1A	1569.0000000000005	1.0	1.0	5.5	5.000000000000001	1.0	512.5
PPP1R16B	13.999999999999996	2082.9999999999995	4834.999999999999	1.0	75.00000000000003	1.0	2.0
PPP1R1B	42.000000000000014	1.0	4.0	2.0	2.0	1.0	2807.4999999999995
PPP1R3C	2714.999999999999	51.999999999999986	1.0	1492.0	2.0	1.0	951.9999999999999
PQLC2L	2.0	26.999999999999993	1.0	84.49999999999999	1.0	1.0	1011.4999999999999
PRAM1	5.000000000000001	2.0	42.000000000000014	2.0	1588.9999999999995	1.0	19.5
PREX2	197.99999999999986	1506.9999999999995	1.0	2.0	2.0	1.0	3.0
PRF1	3.0	2.0	743.9999999999995	1.0	9.999999999999998	18.999999999999996	1.0
PRKAA2	1645.0000000000011	70.5	1.0	80.49999999999997	1.0	1.0	168.00000000000006
PRKCB	116.00000000000006	3.0	6763.000000000002	1.0	3759.4999999999986	74.00000000000001	1.0
PRRX1	678.0	26.499999999999993	1.0	5831.0	2.0	1.0	4648.499999999999
PRSS35	2551.000000000001	3.0	2.0	15.000000000000002	3.0	1.0	79.49999999999997
PRTG	1392.9999999999986	174.49999999999994	1.0	101.49999999999999	2.0	1.0	38.499999999999986
PSG5	1.0	1.0	1.0	1221.4999999999993	1.0	1.0	2.0
PTAFR	6.0	16.5	101.0	6.0	9545.000000000004	1.0	4.5
PTGIS	710.9999999999995	103.99999999999997	2.0	2187.0	2.0	1.0	1451.0000000000005
PTN	1806.9999999999998	1.0	1.0	487.5	2.0	1.0	62.99999999999999
PTPRB	111.99999999999997	4531.499999999998	13.0	566.5000000000003	4.0	1.0	10.5
PTPRC	3.0	3.0	25819.499999999993	1.0	21294.0	330.00000000000006	3.0
PTPRCAP	18.999999999999996	33.99999999999999	3746.4999999999986	9.499999999999998	129.5	1.0	18.499999999999996
PTPRD	5736.000000000004	523.4999999999998	2.0	142.50000000000006	4.0	1.0	41.0
PTPRF	3961.999999999999	6023.499999999998	9.999999999999998	7310.500000000001	13.0	1343.0000000000007	8300.5
PTRF	3731.999999999997	15355.999999999996	12.500000000000002	23125.499999999996	50.999999999999986	1.0	34762.500000000015
PXDN	6366.000000000003	14135.499999999989	13.999999999999996	24380.500000000007	5.000000000000001	1.0	18721.499999999993
PYHIN1	1.0	4.0	500.49999999999994	2.0	25.999999999999993	1.0	3.0
RAB3B	728.0	924.9999999999993	4.0	5717.5	2.0	1.0	418.9999999999998
RANBP17	507.9999999999999	183.99999999999991	2.0	180.0	15.000000000000002	24104.999999999996	361.0
RASGRP1	264.00000000000017	15.000000000000002	3164.9999999999995	75.99999999999997	65.0	33.0	37.99999999999999
RBM24	2472.0	47.0	2.0	240.49999999999994	2.0	1.0	210.5
RBM47	68.00000000000003	4.0	104.5	53.000000000000014	5837.0	1.0	101.49999999999997
RBP4	5.000000000000001	1.0	1.0	3.0	8.0	1.0	11040.999999999989
RELN	2298.0	58.0	2.0	324.0	2.0	860.0000000000007	110.00000000000004
RGS4	355.0000000000001	741.4999999999999	1.0	2790.5	2.0	1.0	1223.9999999999995
RGS6	50.999999999999986	2.0	8.0	1.0	1.0	4817.0	1.0
RHAG	1.0	3.0	1.0	1.0	1.0	20940.999999999993	1.0
RHOH	2.0	4.0	2589.999999999999	1.0	49.00000000000001	1.0	3.0
RHOJ	273.0	4407.0	1.0	939.0000000000002	1.0	1.0	147.50000000000003
RHOT1P1	16.999999999999996	11.000000000000004	15.000000000000002	9.499999999999998	15.000000000000002	23531.000000000004	28.499999999999993
RHOT1P3	30.000000000000004	25.999999999999993	22.0	18.999999999999996	39.999999999999986	45122.00000000004	73.0
RIC3	219.00000000000003	2.0	381.0	5.5	5.000000000000001	114.00000000000004	16.999999999999996
RMST	16.0	1.0	1.0	1.0	1.0	1505.9999999999998	1.0
RN7SK	367.99999999999983	33.0	335.9999999999999	3853.5	404.0	2581052.0000000005	36435.500000000015
RN7SKP203	9.999999999999998	2.0	22.0	6.5	18.999999999999996	164850.99999999997	4742.5
RN7SKP71	15.000000000000002	3.5	52.5	13.0	55.000000000000014	153574.9999999999	19162.499999999985
RN7SL1	592.0000000000005	279.50000000000006	292.5000000000001	11904.000000000007	1397.5	1.5906537399999985E8	379629.00000000023
RN7SL128P	4.0	2.0	7.0	5.000000000000001	44.5	23469.00000000001	72135.00000000001
RN7SL144P	1.0	1.0	2.0	1.0	2.0	2466.999999999999	96.49999999999997
RN7SL151P	1.0	1.0	2.0	2.0	2.0	10037.99999999999	231.99999999999991
RN7SL2	901.9999999999995	288.00000000000017	320.4999999999999	6579.000000000002	2155.0	1.9093627599999976E8	148944.49999999988
RN7SL230P	2.0	1.0	2.0	1.0	4.0	6303.999999999997	92.0
RN7SL296P	1.0	1.0	2.0	1.0	5.000000000000001	4687.999999999996	376.9999999999998
RN7SL3	37.00000000000001	46.50000000000001	65.0	789.5000000000002	383.99999999999994	1.2679042999999998E7	183114.49999999988
RN7SL396P	2.0	2.0	3.0	4.0	25.00000000000001	1619323.999999999	12162.499999999996
RN7SL408P	1.0	1.0	1.0	1.0	2.0	3298.000000000002	36.5
RN7SL494P	1.0	1.0	2.0	1.0	3.0	5447.000000000003	20.5
RN7SL4P	65.0	31.499999999999996	146.5	74.00000000000001	454.4999999999999	1.1801683999999981E7	323789.0
RN7SL507P	1.0	1.0	1.0	1.0	2.0	1860.000000000001	238.49999999999994
RN7SL508P	1.0	1.0	1.0	1.0	1.0	1908.0000000000016	29.5
RN7SL521P	2.0	2.0	4.0	2.0	4.0	4412.999999999997	111.0
RN7SL564P	1.0	1.0	2.0	1.0	4.0	4514.999999999996	55.0
RN7SL5P	184.99999999999997	83.99999999999999	164.5	184.5	674.4999999999998	4.432111299999997E7	166812.99999999988
RN7SL664P	1.0	1.0	2.0	1.0	4.0	4817.0	130.00000000000006
RN7SL665P	1.0	1.0	2.0	1.0	7.0	8583.000000000005	285.9999999999999
RN7SL674P	7.0	2.0	4.0	4.5	22.5	49340.99999999998	7618.000000000002
RN7SL732P	1.0	1.0	2.0	1.0	4.5	3395.0	129.5
RN7SL736P	1.0	1.0	1.0	1.0	2.0	5043.999999999999	251.5000000000001
RN7SL752P	2.0	2.0	2.0	2.0	5.000000000000001	25796.999999999975	226.49999999999991
RN7SL753P	1.0	1.0	3.0	1.0	2.0	2780.9999999999995	49.49999999999999
RNA5S9	1.0	1.0	1.0	1.0	2.0	9027.999999999998	1.0
RNASE1	57.00000000000002	1464.0	2.5	2.5	1286.0	1.0	1.0
RNASE6	4.0	8.999999999999998	110.99999999999997	1.0	2002.9999999999995	1.0	1.0
RND3	907.9999999999994	1602.0000000000005	1.0	8128.0	33.99999999999999	1.0	3221.999999999999
RNF150	3083.9999999999977	11.000000000000004	2.0	180.99999999999997	5.000000000000001	1.0	2763.0000000000005
RNF182	55.000000000000014	62.000000000000014	1.0	137.00000000000006	1.0	2544.999999999999	68.0
RNU1-1	4.0	5.000000000000001	8.0	7.0	13.0	902435.0000000013	524.5
RNU1-27P	1.0	2.0	4.0	7.0	7.0	78131.00000000012	19.5
RNU1-3	3.0	2.0	4.0	3.0	4.0	10198.999999999996	41.99999999999999
RNU6-9	2.0	2.0	2.0	2.5	2.0	2668.0	23.000000000000004
RNVU1-7	2.0	3.0	12.000000000000004	7.0	17.999999999999996	136230.99999999983	5227.499999999999
RNY1	1.0	2.0	3.0	5.0	6.0	1724785.0000000012	394.5000000000002
RNY3	1.0	1.0	2.0	2.0	2.0	9183.000000000002	42.50000000000001
RNY3P1	1.0	1.0	2.0	2.0	2.0	303438.99999999965	274.0000000000001
RNY4	1.0	1.0	2.0	2.0	2.0	128370.00000000009	117.00000000000001
ROBO4	8.0	6410.000000000002	2.0	68.5	2.0	1.0	8.999999999999998
RP1-102G20.2	1.0	1.0	1.0	1.0	2.0	29269.999999999967	3.0
RP1-121G13.3	33.99999999999999	23.000000000000004	21.000000000000007	16.5	28.499999999999993	22166.000000000007	73.5
RP1-47M23.3	1.0	1.0	167.49999999999994	1.0	3.0	1.0	3.0
RP11-1090M7.1	691.0000000000001	1.0	1.0	106.0	1.0	1.0	1.0
RP11-1143G9.4	2.0	2.0	66.99999999999999	1.0	21000.000000000007	92.00000000000001	1.0
RP11-115D19.1	423.9999999999999	480.9999999999998	4.0	4.5	50.999999999999986	647413.0000000005	10.5
RP11-162D16.2	3.0	2.0	5.000000000000001	2.0	6.0	4331.999999999998	3.0
RP11-20D14.6	37.99999999999999	15.000000000000002	12.000000000000004	3.5	24.0	323633.00000000023	264.00000000000017
RP11-212I21.3	237.9999999999999	622.5000000000002	1.0	3065.999999999999	7.0	1.0	853.5000000000002
RP11-25K21.6	2.0	2.0	18.999999999999996	2.0	1174.4999999999995	18.999999999999996	3.0
RP11-284N8.3	3.0	2.0	1045.0	2.0	26.499999999999993	16.999999999999996	1.0
RP11-297C4.6	3.0	1.0	347.9999999999997	2.0	4.0	1.0	1.5
RP11-310K10.1	657.9999999999999	1.0	1.0	1.0	1.0	1.0	1.0
RP11-322E11.5	1.0	308.50000000000006	2.0	2.0	2.0	1.0	2.5
RP11-326C3.2	7.0	2.0	280.5000000000001	2.0	15.000000000000002	1.0	3.0
RP11-329A14.1	318.99999999999994	115.00000000000006	93.49999999999997	172.5	70.0	370802.99999999994	477.0000000000004
RP11-334E6.12	262.0	2.0	1.0	1078.0000000000002	2.0	1.0	1208.0000000000005
RP11-367J7.3	1.0	1.0	72.99999999999997	1.0	1.0	1.0	1.0
RP11-404F10.2	2.0	2.0	1728.0	1.0	1274.9999999999986	1.0	1.0
RP11-404P21.8	7.0	2.0	1.0	631.5	2.0	1.0	35.99999999999999
RP11-465L10.10	39.999999999999986	4.0	8.0	4.0	2354.9999999999986	1.0	3.0
RP11-509J21.2	3.0	1.0	2.0	1.0	1.0	18093.999999999993	1.0
RP11-614O9.1	15.000000000000002	1.0	1.0	1.0	1.0	1.0	1389.9999999999993
RP11-664I21.5	1.0	289.49999999999994	1.0	4.0	1.0	1.0	1.0
RP11-664I21.6	2.0	433.49999999999994	1.0	3.5	1.0	1.0	1.0
RP11-678G14.3	8.0	1.0	2.5	1.0	4.0	23406.999999999978	1.0
RP11-702H23.6	2.0	5.000000000000001	3.0	4.0	351.99999999999994	1.0	37.5
RP11-758N13.1	2.0	1.0	1.0	929.9999999999998	5.000000000000001	1.0	26.5
RPL21P11	13.999999999999996	64.0	173.50000000000003	9.0	22.0	75974.00000000006	46.5
RPL21P39	241.99999999999986	71.5	50.0	7.0	18.499999999999996	55205.0	28.499999999999993
RPPH1	75.99999999999999	15.000000000000002	72.99999999999997	130.00000000000006	181.00000000000003	5290364.9999999935	135381.5
RTN1	16.0	11.000000000000004	5.5	16.0	871.9999999999998	1.0	16.999999999999996
RUNDC3A	13.0	3.0	7.0	5.000000000000001	11.000000000000004	24235.000000000007	7.0
RUNX1T1	2497.0	421.9999999999999	1.0	175.99999999999997	2.0	749.9999999999999	207.99999999999994
RUNX3	12.000000000000004	2.0	6028.500000000002	2.0	2006.499999999999	16.999999999999996	3.0
RYR2	7183.999999999996	1.0	3.0	1.0	1.0	1.0	1.0
S100A16	437.0000000000002	6280.499999999998	1.0	4022.5000000000023	15.000000000000002	1.0	3686.5000000000027
S100A8	16.0	2.0	25.00000000000001	1.0	5733.5	93.99999999999996	3.0
S100A9	2.0	2.0	79.5	1.0	27137.99999999999	124.99999999999991	4.0
SATB1-AS1	20.000000000000004	2.0	271.00000000000017	1.0	6.0	156.00000000000003	1.0
SCARA3	193.00000000000003	2316.0	1.0	1374.9999999999986	2.0	1.0	1748.4999999999995
SCD	11891.000000000004	5641.999999999996	423.5000000000001	12446.999999999993	1778.0000000000014	124.99999999999991	1629697.5000000005
SCDP1	105.00000000000004	53.999999999999986	8.0	146.5	26.0	1.0	43728.000000000044
SCML4	1.0	1.0	586.0	1.0	7.5	1.0	3.0
SDPR	41.0	6247.000000000003	6.5	397.0000000000001	9.999999999999998	146.00000000000003	3932.999999999999
SELENBP1	393.99999999999983	171.50000000000006	2.0	450.4999999999999	6.0	152381.00000000012	5110.500000000002
SELL	8.999999999999998	114.0	10846.499999999996	4.5	1374.9999999999995	48.0	2.0
SEMA3F	407.9999999999999	1507.5000000000005	2.0	363.5	5.000000000000001	1.0	157.00000000000006
SEPT1	30.999999999999993	22.5	3661.5000000000014	31.0	70.5	49.00000000000001	35.0
SERPINA1	71.99999999999999	2.0	82.49999999999997	9.999999999999998	12493.499999999996	1.0	7.0
SERPINE1	644.9999999999997	63246.99999999997	8.0	113928.0	170.5	1.0	5165.500000000001
SFRP1	9989.000000000005	230.99999999999997	2.0	7667.0	2.0	1.0	6408.999999999996
SH2D1A	1.0	1.5	274.99999999999994	1.0	3.5	1.0	3.0
SHANK3	344.0	2344.0000000000005	4.0	90.5	16.0	1.0	259.4999999999999
SHE	17.999999999999996	1861.499999999999	6.0	2.0	20.500000000000007	1.0	4.0
SHROOM4	309.0	1615.0	1.0	182.9999999999999	13.0	1.0	66.49999999999997
SIDT1	12.000000000000004	3.0	1126.0	2.0	43.0	1.0	3.0
SIGLEC1	1.0	2.0	3.0	1.0	3030.000000000001	16.999999999999996	5.000000000000001
SIGLEC14	1.0	3.0	33.5	1.0	1766.4999999999995	1.0	1.0
SIGLEC5	1.0	2.0	27.499999999999993	1.0	1073.0	1.0	1.0
SIGLEC7	1.0	2.0	8.999999999999998	1.0	1255.5000000000007	1.0	1.0
SIGLEC9	1.0	2.0	23.000000000000004	1.0	2119.0	1.0	1.0
SIRPA	1303.0	1722.499999999999	55.000000000000014	1901.5	12380.499999999993	1.0	387.99999999999983
SIRPB2	1.0	209.49999999999997	7.0	2.0	1307.0	1.0	2.0
SIT1	1.0	2.0	503.5000000000001	2.0	9.999999999999998	1.0	2.0
SIX1	24.0	10.5	1.0	255.4999999999999	1.0	1.0	1990.499999999999
SKA3	170.0000000000001	346.99999999999994	35.99999999999999	161.0	16.0	158197.9999999998	25.999999999999993
SKAP1	3.0	4.0	1079.5	1.0	7.0	435.0	9.499999999999998
SLAMF1	1.0	1.0	1281.5000000000002	1.0	38.499999999999986	1.0	1.0
SLAMF6	1.0	1.0	2262.500000000001	1.0	111.49999999999994	16.999999999999996	1.0
SLC11A1	12.000000000000004	5.000000000000001	76.99999999999999	7.5	12928.999999999996	16.999999999999996	29.5
SLC14A1	5.000000000000001	2.0	110.49999999999999	691.4999999999995	2.0	59315.00000000001	22.5
SLC25A37	1638.9999999999995	1570.0	1090.4999999999998	1204.0	2198.500000000001	2731745.0	571.9999999999998
SLC4A1	1.0	2.0	3.0	1.0	2.0	273327.9999999999	1.0
SLC6A12	16.0	2.0	4.0	1.0	320.9999999999999	1.0	18.999999999999996
SLC7A2	2313.000000000001	1303.9999999999995	1.0	1778.0	3.0	1.0	147.50000000000006
SLCO2B1	6.0	9.499999999999998	2.0	2.0	520.4999999999997	1.0	11.000000000000004
SLIT2	3788.9999999999973	738.4999999999999	1.0	2899.9999999999995	7.0	1.0	601.4999999999995
SLIT3	6481.999999999995	21.500000000000004	3.0	1022.0000000000001	7.5	32.0	2645.4999999999995
SMIM24	12.000000000000004	2.0	7.0	1.0	4.0	7415.000000000006	1.0
SMIM25	1.0	1.0	8.0	2.0	3217.5000000000005	1.0	16.0
SMPX	2582.999999999999	1.0	1.0	1.0	1.0	1.0	1.0
SMTNL2	985.0000000000003	1.0	1.0	1.0	4.0	1.0	4.0
SMYD1	8044.0	1.0	1.0	1.0	1.0	1.0	1.0
SNAI2	601.0000000000003	18.999999999999996	1.0	2046.500000000001	2.0	1.0	622.0000000000003
SNCA	411.0000000000001	1768.0	11.500000000000004	12.5	188.00000000000003	2014597.9999999972	16.999999999999996
SOD3	80.99999999999997	1.0	1.0	153.99999999999994	2.0	1.0	987.0
SORBS2	6788.0000000000055	690.4999999999998	4.0	104.5	3.0	1.0	48.00000000000001
SOX11	1770.9999999999998	1.0	2.0	40.99999999999999	2.0	1.0	14.5
SOX17	12.000000000000004	673.0000000000002	1.0	85.99999999999997	1.0	1.0	1.0
SOX6	430.9999999999997	8.999999999999998	17.999999999999996	27.499999999999993	17.999999999999996	355124.0	74.00000000000001
SOX7	18.999999999999996	1945.9999999999995	15.000000000000002	3.5	4.0	1.0	8.0
SPARC	47095.00000000001	31443.5	17.999999999999996	132434.00000000012	1127.4999999999993	1.0	215770.50000000006
SPECC1	1867.999999999999	339.0	213.49999999999997	1122.9999999999995	1658.0	801002.9999999999	822.4999999999998
SPHKAP	1353.9999999999998	1.0	1.0	1.0	1.0	1.0	1.0
SPI1	2.0	2.0	202.0	1.0	15232.499999999985	1.0	1.0
SPOCK1	1675.0000000000002	7449.0	2.0	9360.000000000007	13.499999999999998	1.0	6578.0000000000055
SPOCK2	79.00000000000001	12.500000000000002	8763.999999999996	4.0	33.99999999999999	33.0	36.0
SPP1	197.00000000000003	2.0	3.0	26.999999999999993	3160.000000000001	1.0	13.500000000000004
SPTA1	5.000000000000001	12.000000000000004	3.0	2.0	8.999999999999998	65666.99999999993	4.5
SPTB	639.9999999999998	16.999999999999996	35.0	19.0	66.0	53144.000000000015	46.50000000000001
SRPX	551.0000000000001	2745.000000000001	1.0	3336.9999999999973	7.0	1.0	4411.0
SRPX2	167.99999999999994	2024.0	2.0	1902.0	18.999999999999996	16.999999999999996	2405.000000000002
ST14	8.999999999999998	2.0	56.50000000000002	1.0	1982.999999999999	1.0	1.0
STAB1	71.99999999999999	7464.000000000003	32.5	94.49999999999997	9745.500000000002	1.0	74.50000000000003
STAP1	2.0	2.0	273.50000000000006	1.0	11.000000000000004	1.0	1.0
STC1	511.0	202.49999999999994	1.0	2786.0000000000005	2.0	1.0	196.5
STC2	1562.0000000000002	726.0	3.0	10174.500000000004	4.0	1.0	1229.4999999999995
STIL	253.00000000000003	501.0000000000003	140.00000000000009	323.4999999999998	57.99999999999999	208329.00000000023	178.5
STRADB	822.0000000000002	374.49999999999994	362.00000000000006	615.0	274.0000000000001	675757.0	1057.500000000001
SULF1	3892.000000000002	563.5	1.0	13962.499999999996	3.0	1.0	2012.9999999999995
SVEP1	776.9999999999994	4.0	1.0	5319.499999999998	7.0	1.0	2608.500000000001
SWT1	238.9999999999999	171.0	204.99999999999991	103.99999999999997	248.50000000000003	516829.0000000003	220.49999999999994
SYK	3.0	2.0	662.5	1.0	8143.499999999998	93.99999999999996	1.5
SYNPO2L	3965.000000000001	1.0	3.0	9.999999999999998	3.0	1.0	2.0
SYTL5	1078.9999999999995	2.0	1.0	11.500000000000004	2.0	1.0	5.000000000000001
TAGAP	9.999999999999998	2.0	4454.499999999998	1.0	1982.9999999999995	32.0	6.0
TAL1	7.0	1511.0000000000002	5.000000000000001	1.0	5.000000000000001	39308.999999999935	5.000000000000001
TBC1D10C	109.99999999999996	3.5	4488.5	9.499999999999998	849.9999999999998	1.0	19.5
TBX2	616.9999999999999	1.0	1.0	645.0	2.0	1.0	490.5000000000002
TBX20	1908.0000000000016	2.0	1.0	28.999999999999993	1.0	1.0	1.0
TBX21	1.0	1.0	651.0000000000005	1.0	12.000000000000004	1.0	1.0
TBX3	496.9999999999996	41.49999999999999	1.0	2497.5	2.0	1.0	1975.4999999999995
TBX5	1628.0000000000005	1.0	1.0	221.49999999999994	1.0	1.0	68.5
TC2N	45.0	2.0	1415.5	5.5	12.000000000000004	33.0	16.0
TCL1A	1.0	2.0	99.99999999999997	1.0	2.0	1.0	1.0
TDRD6	27.999999999999993	2.0	3.0	1.0	284.0	1.0	4.5
TEAD1	6758.000000000001	1049.4999999999995	4.0	7745.499999999995	5.000000000000001	1.0	5396.0
TECRL	9383.999999999993	1.0	1.0	1.0	1.0	1.0	1.0
TEK	177.00000000000003	2684.499999999999	1.0	462.9999999999999	3.0	1.0	55.000000000000014
TENM3	3529.9999999999995	333.99999999999994	1.0	803.5000000000002	2.0	1.0	2496.500000000002
TERC	3.0	4.0	5.000000000000001	10.0	5.000000000000001	13432.999999999985	621.0
TESC	115.00000000000004	5.000000000000001	126.99999999999997	2.0	246.49999999999994	104960.00000000009	2.0
TESPA1	2.0	2.0	1598.4999999999998	1.0	13.0	636.9999999999999	1.0
TEX9	161.99999999999994	41.0	43.0	46.5	8.999999999999998	45928.999999999956	96.99999999999994
TFPI	643.9999999999995	6170.499999999996	4.0	3201.499999999998	64.0	6887.999999999998	1434.4999999999998
TFPI2	518.9999999999997	1562.5000000000007	3.0	5527.999999999998	7.0	1.0	362.49999999999994
THBS1	8913.000000000002	139148.5	61.5	218799.00000000003	690.5000000000001	111.00000000000001	34546.500000000015
THBS2	242.99999999999991	20.000000000000004	12.000000000000004	31826.0	21.000000000000007	1.0	7735.500000000002
THEMIS	1.0	1.0	158.49999999999994	1.0	2.0	1.0	14.5
THRSP	2.0	1.0	1.0	2.0	2.0	1.0	36113.499999999985
THSD4	1247.0000000000005	918.9999999999993	1.0	2512.9999999999995	2.0	1.0	558.4999999999998
THY1	976.0000000000002	6.0	2.0	6045.999999999999	3.0	1.0	5491.5
TIE1	30.000000000000004	9571.499999999995	8.0	43.0	23.000000000000004	1.0	22.5
TIGIT	2.0	2.0	357.4999999999999	1.5	4.0	1.0	1.0
TIMP3	5747.999999999998	121.50000000000006	4.0	27454.999999999993	87.5	33.0	13550.499999999996
TIMP4	3.0	2.0	1.0	27.999999999999993	6.5	1.0	3903.9999999999977
TINAGL1	226.99999999999986	4189.500000000002	1.0	152.5	3.0	1.0	57.000000000000014
TJP1	10247.999999999987	3046.4999999999986	2.0	4616.499999999998	22.0	18.999999999999996	2845.999999999998
TLR2	13.0	15.000000000000002	101.99999999999997	5.000000000000001	6192.0	16.999999999999996	12.000000000000002
TLR4	57.99999999999999	1540.5000000000005	33.99999999999999	537.0	5593.0	16.999999999999996	43.0
TLR8	1.0	1.0	12.000000000000004	1.0	3064.999999999998	1.0	1.0
TM4SF1	442.9999999999999	10534.499999999996	2.0	3955.5	9.999999999999998	1.0	180.5
TM4SF18	13.0	1258.9999999999995	1.0	1.0	1.0	1.0	8.0
TMC5	4.0	3.0	6.0	2.0	7.0	48742.99999999996	17.999999999999996
TMC8	8.999999999999998	5.5	7021.500000000002	2.0	1500.4999999999998	48.0	5.000000000000001
TMEM150B	1.0	1.0	3.0	1.0	462.9999999999999	1.0	6.0
TMEM176A	452.00000000000006	1.0	4.0	1.0	424.0	1.0	1.0
TMEM176B	285.00000000000017	2.0	6.5	1.0	1053.0	1.0	1.5
TMEM47	1443.9999999999995	681.9999999999997	1.0	3352.499999999999	2.5	1.0	2538.999999999999
TMEM56	1301.9999999999993	8.999999999999998	11.000000000000004	12.000000000000002	2.0	1077004.9999999993	300.49999999999994
TMEM56-RWDD3	440.0000000000001	185.49999999999994	211.99999999999994	140.99999999999991	152.00000000000006	1018310.9999999985	264.50000000000006
TNC	4595.0	17.0	3.0	17726.000000000007	33.5	1.0	1327.5000000000005
TNFAIP2	77.99999999999997	980.5000000000005	160.99999999999994	1355.4999999999993	23808.99999999999	1.0	1244.0
TNFRSF11B	76.99999999999999	20.500000000000007	1.0	3812.499999999999	3.0	1.0	232.0
TNFRSF13C	23.000000000000004	7.0	726.9999999999997	5.000000000000001	7.5	1.0	3.0
TNFSF18	7.0	647.0000000000001	1.0	12.500000000000002	5.000000000000001	1.0	8.999999999999998
TNNC1	7351.9999999999945	1.0	13.999999999999996	7.0	2.0	1.0	11.000000000000004
TNNI1	16006.999999999987	1.0	2.0	1.0	3.0	1.0	3.0
TNNI3	811.0000000000001	1.0	1.0	1.0	1.0	1.0	1.0
TNNT2	31509.000000000007	1.0	1.0	1.0	3.0	1.0	9.999999999999998
TPBG	386.99999999999994	286.50000000000006	5.000000000000001	4565.0	22.0	1.0	852.0000000000002
TRAC	6.0	30.5	3151.999999999998	8.999999999999998	15.000000000000002	16.999999999999996	3.5
TRAT1	1.0	1.0	291.00000000000017	1.0	3.0	1.0	1.0
TRBC1	1.0	36.5	2554.000000000001	1.0	7.0	33.0	1.0
TRBC2	4.0	556.5	5502.499999999998	4.0	12.000000000000004	1.0	2.5
TRBJ2-3	1.0	8.5	106.00000000000003	1.5	1.0	1.0	1.0
TRBJ2-7	1.0	2.0	65.0	1.0	1.0	1.0	1.0
TRBV20-1	1.0	1.0	80.99999999999997	1.0	1.0	1.0	1.0
TRBV29-1	1.0	1.0	82.5	1.0	1.0	1.0	1.0
TRDN	2691.999999999999	1.0	1.0	1.0	1.0	1.0	1.0
TREM1	2.0	2.0	12.000000000000004	7.5	988.9999999999995	1.0	4.0
TREM2	1.0	1.0	2.0	1.0	461.50000000000006	1.0	11.000000000000004
TRHDE	43.0	1.0	1.0	868.9999999999995	3.0	171.9999999999999	2862.500000000001
TRHDE-AS1	30.000000000000004	1.0	1.0	156.0	2.0	729.9999999999999	1600.4999999999995
TRIM10	1.0	1.0	1.0	1.0	1.0	15700.000000000016	1.0
TRIM55	1818.999999999999	1.0	2.0	55.000000000000014	2.0	1.0	10.5
TRIM58	64.0	5.5	13.999999999999996	16.0	30.5	168529.00000000012	5.000000000000001
TSKU	533.9999999999995	350.49999999999983	2.0	962.4999999999995	23.5	1.0	8758.0
TTC22	1.0	1.0	183.99999999999991	1.0	5.000000000000001	1.0	1.5
TTC24	1.0	2.0	107.00000000000003	1.0	3.0	1.0	1.0
TUSC3	2325.0000000000005	598.5000000000002	2.0	3253.000000000001	2.0	1.0	1761.5
TUSC5	1.0	1.0	2.0	1.0	1.0	1.0	1328.4999999999995
TWIST1	211.99999999999994	2.0	2.0	358.5000000000001	2.0	1.0	1261.4999999999998
TYROBP	1.0	2.0	92.5	1.0	22650.999999999978	16.999999999999996	1.0
Telomerase-vert	2.0	3.0	5.000000000000001	7.5	4.0	13417.999999999989	608.0000000000002
U1	1.0	2.0	2.0	2.0	2.0	4496.999999999999	80.99999999999997
UBASH3A	1.0	2.0	193.00000000000003	1.0	2.0	1.0	1.0
UNC45B	3466.000000000001	1.0	6.0	1.0	1.0	1.0	1.0
VEGFC	134.00000000000006	589.0000000000002	1.0	1762.5000000000002	2.0	1.0	183.99999999999994
VGLL3	375.9999999999996	150.5	1.0	3032.5	3.0	1.0	4401.5
VN1R1	63.000000000000014	9.999999999999998	18.999999999999996	17.0	11.000000000000004	53902.00000000002	38.999999999999986
VNN1	1.0	7.5	4.0	4.0	341.9999999999999	1.0	1.0
VSIG4	1.0	1.0	3.0	1.0	1116.0	1.0	1.0
VWF	7.0	24675.000000000015	4.0	13.999999999999996	77.49999999999997	1.0	31.0
VWFP1	1.0	403.9999999999998	1.0	1.0	4.0	1.0	2.0
WSCD1	49.00000000000001	878.9999999999995	2.0	15.5	2.0	1.0	48.00000000000001
WTAPP1	16.999999999999996	868.5000000000003	1.0	637.0	4.0	1.0	4.0
XIRP1	3060.9999999999973	1.0	3.0	3.0	3.0	1.0	1.0
XK	150.00000000000006	4.0	8.0	2.0	5.000000000000001	88164.99999999987	6.0
YAP1	4455.0	1012.5	2.0	5949.999999999999	3.0	1.0	3635.5000000000005
YOD1	651.9999999999998	408.9999999999999	616.5	360.5000000000001	561.4999999999998	899803.0000000015	447.9999999999999
Y_RNA	2.0	1.0	2.0	2.0	1.0	203986.0	42.5
ZAP70	21.000000000000007	2.0	2256.0	3.0	17.999999999999996	1.0	5.000000000000001
ZBED2	2.0	1.0	125.49999999999997	3.0	2.0	1.0	11.000000000000004
ZC3H12D	5.000000000000001	2.0	1300.4999999999995	4.0	270.00000000000017	1.0	5.000000000000001
ZMYND15	2.0	5.5	8.999999999999998	4.0	507.5000000000001	1.0	5.5
ZNF521	1341.0000000000002	2316.5000000000005	3.0	475.00000000000017	5.000000000000001	32.0	210.0
ZNF831	1.0	2.0	743.9999999999998	1.0	5.000000000000001	1.0	27.999999999999993
