InputSample	CMC	END	LYM	SMC	MAC	RBC	ADI	P-value	PearsonCorrelation	RMSE
GTEX-14JIY-0626-SM-62LF9.1	0.12109854709997928	0.13702501679156112	0	0.6757909890364362	0.0031355678448525583	0	0.0629498792271709	0.05	0.08021515622341893	0.998417974354155
GTEX-14PN3-0426-SM-6LLIY.1	0.01840374956860768	0.07552501051191503	0	0.3575331419569908	0.0001	0	0.5484302142129578	0	0.5014379951280648	0.9872903784236043
GTEX-1AX9K-0326-SM-7DHM9.1	0.0627435357871776	0.15562150765120492	0	0.7385813789897432	0	0	0.04305357757187433	0	0.8500596610796898	0.9856100286068775
GTEX-1C64O-1126-SM-7IGMY.1	0.06029669806018822	0.1483848089145131	0	0.7072947751680496	0	0	0.08402371785724909	0	0.653466732830779	0.9889635227623144
GTEX-1CB4E-0726-SM-7EWEY.1	0.05538536485079209	0.11251246795003925	0	0.5461303323349378	0	0	0.2859718348642309	0	0.3695825986199544	0.9930151727297298
GTEX-1H11D-1426-SM-9MQKY.1	0.06539876278181819	0.11060100219090169	0	0.6749772449348735	0	0	0.1490229900924066	0	0.7520049207539506	0.9869999742823379
GTEX-1KXAM-1526-SM-D4P3Y.1	0.043061958585820743	0.12141819205783794	0	0.7043384137460805	0	0	0.1311814356102608	0	0.7980540370259412	0.9860503580583962
GTEX-131YS-1226-SM-5K7VE.1	0.04556800242653952	0.12757535940919967	0	0.7091633052536199	0.050141532774418136	0	0.06755180013622275	0	0.7916946526115017	0.9868989915127315
GTEX-WYJK-0926-SM-4ONCF.1	0.056772622591380516	0.13379836601642475	0	0.7995992646991313	0	0	0.00982974669306346	0	0.7753157319794791	0.9861503805196083
GTEX-YJ8O-0126-SM-5QGRG.1	0.05264545181761633	0.13168197472983895	0	0.776887454162034	0	0	0.038785119290510706	0	0.678680743211849	0.9879954874960745
GTEX-ZAB5-2726-SM-5J2NH.1	0.2669651895814929	0.07750369708249516	0	0.6411679402550603	0	0	0.014363173080951678	0.22	0.0279874187631416	0.9992467375811355
GTEX-YEC4-0426-SM-4W1ZH.1	0.041408036134696485	0.1532223356692543	0	0.756182929981612	0.008150946153333522	0	0.04103575206110371	0	0.806016483745235	0.9860986853059466
GTEX-ZYFG-0126-SM-5GIDH.1	0.04506084528120686	0.09891123238016683	0	0.456867282367839	0.003223429706692264	0	0.39593721026409495	0	0.4309788869687835	0.9909286860608254
GTEX-ZAB4-0726-SM-5HL8I.1	0.0668730457509856	0.12884975411979063	0	0.6472714259551331	0	0	0.15700577417409078	0	0.5139666406403925	0.9911965576012298
GTEX-YEC3-0326-SM-5IFJJ.1	0.034944644676129025	0.1370267870671167	0	0.6440851252574249	0.012182713727934712	0	0.1717607292713947	0	0.3636869257313336	0.993597355178526
GTEX-13FTW-0926-SM-5J2NJ.1	0.05057666630793504	0.12975138779356918	0	0.6297559338845037	0.0054106773480254835	0	0.18450533466596664	0	0.748030587880221	0.9871176021242009
GTEX-14C38-1226-SM-5S2UK.1	0.04806835067617403	0.1595117336895814	0	0.7785531071283315	0.01076841418905263	0	0.00306965161261703	0	0.7694065751410688	0.9866054323883234
GTEX-QEL4-1026-SM-4R1JK.1	0.05093536243459163	0.11964292358310932	0	0.5722985246825979	0	0	0.2571231892997012	0	0.6316885644352701	0.9885266086213698
GTEX-ZGAY-0426-SM-4WWAM.1	0.05975425588757623	0.10459753613004384	0	0.613936267415456	0.009785966946208443	0	0.21192597362071558	0	0.738221659688091	0.9870185385871074
GTEX-13CF3-0626-SM-5J1NO.1	0.04892838649778337	0.13466168575553283	0	0.6647668855425974	0	0	0.15164304220408634	0	0.7353380513357552	0.9873756045144475
GTEX-11ZTS-1026-SM-5LU8O.1	0.05216689711292826	0.1323389153873898	0	0.7781584655904343	0	0	0.03733572190924766	0	0.4981749196550557	0.9911108561354174
GTEX-QV44-0726-SM-4R1KP.1	0.1452291225265279	0.14712678634247886	0	0.6535451126301212	0	0	0.054098978500872044	0	0.46462252274873866	0.9927028306219543
GTEX-11DXX-0826-SM-5GZZP.1	0.0498144953166124	0.115878502901844	0	0.5408400526886405	0.0005	0	0.29294457285382736	0	0.6250864479027536	0.9883025851026931
GTEX-S4Z8-0926-SM-4AD6Q.1	0.0453632217364701	0.11302599277562857	0	0.6598861386057312	0	0	0.1817246468821701	0	0.7659074461174687	0.9864583619017707
GTEX-XPT6-0426-SM-4B672.1	0.04837108052807016	0.14930931878242734	0	0.7190772169205654	0.0066077626472308484	0	0.07663462112170641	0	0.7866382944500426	0.9866780213246404
GTEX-QMRM-0426-SM-4R1K2.1	0.044866205075791324	0.10280034260112383	0	0.5527460386904839	0.003945612219547656	0	0.2956418014130533	0	0.60178285318463	0.9885815640690192
GTEX-1117F-0626-SM-5N9CS.1	0.0534539636473638	0.15069491379589778	0	0.7075192017078927	0	0	0.08833192084884565	0	0.3826196526069608	0.9933891079837569
GTEX-12WSC-0926-SM-5EQ63.1	0.07960669286356398	0.15212309314538397	0	0.739394321419773	0	0	0.028875892571279028	0	0.4540246374411295	0.9922349017434949
GTEX-WHWD-0226-SM-4OORT.1	0.06863498866204207	0.13508016654772023	0	0.7879794111285437	0	0	0.008305433661693935	0	0.8186764407895532	0.9855790373149246
GTEX-RN64-0726-SM-48FCV.1	0.055483598118609305	0.14591350676880663	0	0.7986028951125841	0	0	0	0	0.746089890724716	0.9867176085287926
GTEX-XGQ4-0626-SM-4AT56.1	0.0490946326630731	0.1326287093485555	0	0.5705436975595661	0	0	0.24773296042880527	0	0.515475267816022	0.9907299626135039
GTEX-QLQ7-0326-SM-4R1JV.1	0.03150568892458004	0.1483237641376865	0.0009	0.7088134834152529	0.01023933463587967	0	0.10017437354286512	0	0.8145056699517927	0.9861162718408047
GTEX-11DYG-0926-SM-5EGGW.1	0.06060959776446631	0.12389833685125759	0	0.7030129985406716	0	0	0.1124790668436046	0	0.484342862745584	0.9915864409059064
GTEX-131XF-0526-SM-5HL87.1	0.02226436559498416	0.13733340328014393	0	0.7170266271382676	0.02294339245625372	0	0.10043221153035063	0	0.4686990879107027	0.9918304549589437
GTEX-U4B1-0226-SM-4DXU8.1	0.037731845264642794	0.14100870453120734	0	0.7094871597877528	0.012279440288337417	0	0.09949285012805976	0	0.803054929954977	0.9863093905710187
GTEX-1399R-1826-SM-5J2M9.1	0.0757062620409505	0.09568153089560413	0	0.5809816043513812	0.0019838015907952633	0	0.24564680112126897	0	0.6577745308377815	0.9881832785599042
GTEX-1399U-0626-SM-5J1NZ.1	0.02525507448847578	0.08729002096737863	0	0.3824111676482407	0.002102197947825271	0	0.5029415389480797	0	0.5194366689788489	0.9875807260960143
GTEX-RU72-0226-SM-46MUD.1	0.06876250418980136	0.1514716314876605	0	0.743523224265082	0	0	0.036242640057456234	0	0.7692820730624292	0.9869305458155022
GTEX-U3ZH-0426-SM-4DXSE.1	0.05445227392427813	0.16188054486110445	0	0.7774800925408674	0.004794507333108426	0	0.0013925813406416541	0	0.8538489119336542	0.9851759641680214
GTEX-R55G-0426-SM-48FDH.1	0.04477250584686744	0.1157203675714223	0	0.5779723215326983	0.0023202893859844364	0	0.25921451566302756	0	0.6030912079094665	0.98894927872368
GTEX-U3ZN-0426-SM-4DXSH.1	0.04712738214769204	0.1511366080160577	0	0.7761569877685113	0.011721967701751214	0	0.013857054365987758	0	0.8178939898485803	0.9857637885764828
GTEX-SE5C-0426-SM-4BRUI.1	0.02744321653117725	0.10089570342961242	0	0.43893490980239364	0.0027213787326221895	0	0.4300047915041945	0	0.47712796418406445	0.9895282005615055
GTEX-XPVG-0926-SM-4B651.1	0.07870643034127432	0.1337954749094203	0	0.7850575231051742	0	0	0.0024405716441312036	0	0.7718493497903185	0.9864613490755721
GTEX-PX3G-3026-SM-48TZR.1	0.03050568074567804	0.11835154068406942	0	0.7223661809373592	0.015366303900923622	0	0.11341029373196976	0	0.43500424576454017	0.9922654776809027
GTEX-SIU7-0226-SM-4BRX2.1	0.0009	0.1153527614988394	0.00288188499533451	0.5521411252510371	0.08338324577527857	0	0.2453241668124026	0	0.40953500187498604	0.9927700868628534
GTEX-XV7Q-0626-SM-4BRV5.1	0.05741168520463149	0.1523269529307397	0	0.7612463180785096	0	0	0.029015043786119132	0	0.7330512567878493	0.9873292469519913
GTEX-UJMC-0426-SM-4IHJF.1	0.02502006347266295	0.13412272186070057	0.0023046819897034466	0.6912749038943085	0.07980459096947289	0	0.06747303781315162	0	0.8641119278240043	0.986066482481569
GTEX-Q2AH-0626-SM-48TZJ.1	0.018104699463705784	0.13601830874847134	0.0016120307973825892	0.6676586941877971	0.055585499784840474	0	0.12102076701780275	0	0.7020189941256728	0.9883603405492999
GTEX-P4PP-3026-SM-3P61O.2	0.03750696312103796	0.07931590989425102	0	0.4028814246554538	0.00790608581288659	0	0.47238961651637057	0.02	0.2394301363646485	0.9943763510727887
GTEX-1IL2U-1126-SM-COH3Q.1	0.04346109680796571	0.14781646188088302	0	0.7473979927132913	0.028812642105557496	0	0.03251180649230246	0	0.8706739386331808	0.9852490266406673
GTEX-1JK1U-0826-SM-CM2S1.1	0.065616466061587	0.15389289144644	0	0.7679489762428217	0.0008	0	0.011764159277224564	0	0.8763160131382249	0.9848950907077981
GTEX-YECK-1126-SM-4W1ZQ.1	0.031989826041051425	0.1423777087150937	0.0023830221862713523	0.7390438259760869	0	0	0.08420561708149671	0	0.3078204586348321	0.9944611893751222
GTEX-1QAET-0826-SM-E76QR.1	0.03984089183866341	0.14624228556693064	0	0.7554724862150722	0.010778747063493325	0	0.04766558931584032	0	0.7612910430995857	0.9868247900624758
GTEX-1QP29-1326-SM-E6CQ2.1	0.036240862728223716	0.15584877462022043	0	0.7856203091969318	0.013311597828399992	0	0.008978455626224048	0	0.8647822097454214	0.9848297419133646
GTEX-O5YU-0726-SM-EV792.1	0.003907742224328956	0.09555649016599095	0.00407176731077708	0.6064386989395234	0.13099843396192543	0	0.1590268673974543	0	0.701340104789267	0.9887335772538622
GTEX-1R46S-1026-SM-E8VN3.1	0.03152036753859369	0.16154588020204183	0	0.769303872972575	0.02106974082107957	0	0.01656013846571002	0	0.7465878191960109	0.9870797274740913
GTEX-1QP2A-0926-SM-E76QU.1	0.053153945539305913	0.16693313049117806	0	0.764806103521368	0.0019004107587417092	0	0.013206409689406284	0	0.7532727141425081	0.9870207818392854
GTEX-ZPIC-0326-SM-DO91U.1	0.01440023052480683	0.07746321228141045	0	0.4049209774753797	0.017521250001762297	0	0.4856943297166407	0	0.5316521276489131	0.9875138212611247
GTEX-OHPN-0426-SM-E9TI6.1	0.038912735912347056	0.12384440306277479	0	0.6053954984978357	0.0006	0	0.23124492904485552	0	0.46772645205703656	0.991505988342416
GTEX-YFC4-0726-SM-62LF6.1	0.06839053458535481	0.09868768939297044	0	0.4951933806846572	0	0	0.33772839533701754	0.02	0.24750724554519213	0.9950163208491364
GTEX-ZZPU-1026-SM-5E457.1	0.02203715689490615	0.07344229242110382	0	0.34664675523868727	0.016799992342310673	0	0.541073803102992	0	0.35102733934997277	0.9911914029252767
GTEX-WHSE-0726-SM-4RTXA.1	0.05115835809391709	0.07971706470689342	0	0.40441285759289236	0	0	0.4647117196062971	0	0.5720648803172171	0.9869971817231369
GTEX-13U4I-0926-SM-5LU5A.1	0.08271937021766788	0.1455981310875636	0	0.6952706456674407	0.007819187371358153	0	0.06859266565596978	0	0.7321202508848035	0.9879889058142652
GTEX-ZYWO-0426-SM-5SI9A.1	0.03865072388077538	0.07088061884781088	0	0.40511591264948105	0.0017737250697736071	0	0.4835790195521591	0	0.5220358184083806	0.9877665562575354
GTEX-ZPU1-0526-SM-4YCDA.1	0.037146949310332536	0.14190035310790972	0	0.7289205825145528	0.027360046590263566	0	0.06467206847694129	0	0.831332165552769	0.985932574473358
GTEX-13FXS-1126-SM-5IJBB.1	0.07666707891684273	0.13427279370535614	0	0.7847982440889548	0	0	0.004261883288846373	0	0.66219746837687	0.9883467359837754
GTEX-13S7M-2226-SM-5S2WB.1	0.052935068786716964	0.15223727616047375	0	0.7864020381387561	0	0	0.008425616914053155	0	0.7610346597419838	0.9865969267307056
GTEX-13RTJ-0626-SM-5S2NB.1	0.06817770741413888	0.14524740053173082	0	0.744875421171614	0.014534222643038455	0.0003	0.026895535352385577	0.02	0.2861556622552035	0.9949652069955389
GTEX-11GS4-0626-SM-5A5LC.1	0.03755447100371687	0.12683985305483111	0	0.7819483767053043	0.029861563511921235	0	0.02379573572422646	0	0.7982399205730403	0.9859878931672884
GTEX-132AR-1326-SM-5K7YC.1	0.046899256032497776	0.10708539611486993	0	0.513193805228974	0.0013389231986213395	0	0.33148261942503693	0	0.595499582324617	0.9883788120125192
GTEX-ZF3C-1326-SM-5A5MF.1	0.03881621112955636	0.14313241764764967	0	0.7689896494488172	0.014442925976501389	0	0.034618795797475364	0	0.6674985142320102	0.9883291987086531
GTEX-X5EB-0326-SM-4QASF.1	0.023626227280705507	0.1610360897705462	0.0006	0.7455226333784493	0.034837273615769035	0	0.03442364948649461	0	0.7996654171753048	0.9864548812698003
GTEX-ZUA1-0426-SM-5NQAF.1	0.050024628657778104	0.1282393562959251	0	0.7745001299777411	0.007751878199358467	0	0.03948400686919727	0	0.43206139040750585	0.9922804930074527
GTEX-QESD-0326-SM-47J4F.1	0.04158917412870583	0.13032223973313029	0	0.6435206744474825	0.0045266172877031045	0	0.18004129440297822	0	0.7657873006740441	0.9867093788980444
GTEX-ZPCL-0326-SM-5FQSG.1	0.030111095117663956	0.12985426404880349	0	0.5951493349152991	0.00713980753355742	0	0.23774549838467599	0	0.6313184073907995	0.9886383692168392
GTEX-ZYT6-0826-SM-5E43I.1	0.06322531761183815	0.11456625319866115	0	0.6035109262913467	0	0	0.21869750289815407	0	0.46015375333963926	0.9917964784750675
GTEX-13VXU-1926-SM-5LU5J.1	0.06228564783813213	0.155053927462237	0	0.7794960309862672	0.0027172188546690386	0	0.0004	0	0.81398720266396	0.9858291060021961
GTEX-11DXZ-0526-SM-5GU7J.1	0.04466639962127043	0.1446058231512942	0	0.7296784568184295	0.012598528687441645	0	0.06845079172156433	0	0.8236747380481948	0.9859889315864191
GTEX-11ZTT-0426-SM-5EQLK.1	0.028070012255098312	0.08529714165091443	0	0.4019224672659771	0.003692721593163755	0	0.4810176572348465	0	0.5247203185321007	0.9877698778157519
GTEX-12WSL-0926-SM-5N9EK.1	0.04774745255376597	0.13631237925239809	0	0.5464064419742171	0	0	0.26953372621961896	0	0.5406182297881471	0.9901659404540091
GTEX-13NZA-1126-SM-5MR4K.1	0.042724354675879116	0.12299732131631615	0	0.6890790119720933	0.011591708569426599	0	0.13360760346628486	0	0.6517161978859917	0.988728228313203
GTEX-13N11-0626-SM-5J1OL.1	0.1012873630918427	0.13453885488091855	0	0.7402324746251708	0	0	0.023941307402067912	0	0.5464093871799859	0.9907306603004792
GTEX-13FH7-0426-SM-5KM4M.1	0.051191632165913936	0.151459986545427	0	0.7193621779038286	0.009299467625434097	0	0.06868673575939636	0	0.7411966822167673	0.987504359066103
GTEX-UPK5-0126-SM-3GADM.1	0.08517390957852435	0.16270736537569788	0	0.717925162281953	0	0	0.03419356276382477	0	0.5593655925429251	0.9907036175224917
GTEX-11EM3-0526-SM-5H12N.1	0.06668410066621099	0.1553781551394871	0	0.7380695905431995	0	0	0.03986815365110251	0	0.7306868284086467	0.9876253846829686
GTEX-ZLFU-0126-SM-5EQMN.1	0.04379691033615051	0.13457849862340884	0	0.6832408279080391	0.05336699524642951	0	0.085016767885972	0	0.8017011232667166	0.9869534276122349
GTEX-13FHP-1126-SM-5IJDO.1	0.03876522169698973	0.1493540334815564	0.0023775731982261074	0.7734526561376363	0.012791106255068496	0	0.023259409230522908	0	0.5997040478551292	0.9894905276126867
GTEX-P4PP-3026-SM-3P61O.1	0.03750696312103796	0.07931590989425102	0	0.4028814246554538	0.00790608581288659	0	0.47238961651637057	0.02	0.2394301363646485	0.9943763510727887
GTEX-1399S-0926-SM-5PNVQ.1	0.028201943948569543	0.11335162595862366	0.0010618217975491744	0.5318387089421546	0.07214769643412114	0	0.2533982029189819	0	0.6674086255935142	0.9884514378146433
GTEX-12WSD-1026-SM-5EQ42.1	0.07990982878111703	0.12004399881729942	0	0.7974607779179141	0.002169919341305733	0	0.0004	0	0.7882857830871223	0.9860044640003066
GTEX-WY7C-1526-SM-4OND2.1	0.02625472262662014	0.07232144046398754	0	0.4620054850259605	0.0047371154551267575	0	0.43468123642830503	0	0.49515569250634145	0.9889359584200288
GTEX-117YX-1726-SM-5GZZS.1	0.08531606039159036	0.13707021111614706	0	0.6723168089150686	0.016962953451977295	0	0.08833396612521668	0	0.49364698851719085	0.9918994228534136
GTEX-14E1K-0926-SM-5S2U4.1	0.017315578865902907	0.08442393963791697	0	0.3603632025642472	0	0	0.537897278931933	0.02	0.20754505100806525	0.9947142997971313
GTEX-ZYFC-1226-SM-5GIE4.1	0.12689325941431912	0.10599929151069745	0	0.6791207470847972	0	0	0.08798670199018621	0	0.36224952559773627	0.9939187938856107
GTEX-YF7O-0226-SM-5IFJ4.1	0.01748283628775872	0.08255768195495505	0	0.3688648613779525	0.005588744786784377	0	0.5255058755925495	0	0.437092075019513	0.9892260135320817
GTEX-QEG5-1026-SM-4R1KT.1	0.0471661277496652	0.11354193493422761	0	0.5541236313751096	0	0	0.2851683059409976	0	0.5977280068644751	0.9888224840218889
GTEX-13W3W-0626-SM-5LU45.1	0.028605677263089196	0.06594513487348527	0	0.3676182030442113	0.009541245211544057	0	0.5282897396076701	0	0.6559985839319877	0.983835974538109
GTEX-13O21-2926-SM-5J1OU.1	0.02671698051427191	0.08451476408347615	0	0.3995791486241161	0.0030815991520414775	0	0.4861075076260944	0	0.5206468300155697	0.9877807717964746
GTEX-147F4-1326-SM-5LU9V.1	0.05218994529529239	0.1319372395624852	0	0.8119174856838451	0	0	0.003955329458377265	0	0.6870520398157848	0.987562440650487
GTEX-11UD2-1126-SM-5EQM6.1	0.05467258414633097	0.15780613397840904	0	0.7773807047481092	0	0	0.010140577127150724	0	0.64218885098207	0.9887548869379595
GTEX-12ZZX-0626-SM-5EQ46.1	0.05844197412687403	0.14710834098093165	0	0.6056599385595695	0	0	0.18878974633262477	0	0.4260514779603151	0.9926638293864734
GTEX-13X6J-1326-SM-5QGOV.1	0.03470106525471972	0.1320641791974992	0	0.689193954140756	0	0	0.1440408014070251	0	0.44495421537672747	0.9921179124765547
GTEX-13PVR-1126-SM-5S2NX.1	0.04514216367059705	0.15779321111186134	0	0.7843751369866445	0.012015683955238046	0.0007	0	0	0.8502305036288124	0.9850610553422178
GTEX-WHPG-0726-SM-4M1XX.1	0.03263228649220685	0.08620943417842199	0	0.42846120619395933	0.0051911964380555444	0	0.4475058766973563	0	0.5608794825984551	0.9874503380003314
GTEX-Y114-0326-SM-4TT99.1	0.060473857920972346	0.15681299809224067	0	0.7483386718758581	0.01001790123423005	0	0.024356570876698853	0	0.7974337695541336	0.9864784872759831
GTEX-13QJC-0626-SM-5S2O9.1	0.05372170568792533	0.157037447037224	0	0.7590245874856457	0	0	0.030216259789205027	0	0.73992518407666	0.9872359655783729
GTEX-ZF29-0126-SM-4WKGZ.1	0.03977731874414724	0.16388582654672512	0.0002	0.7845278211662415	0.009924762191299815	0	0.0016621720241985964	0	0.7703622305840526	0.9865046062282236
GTEX-12696-0526-SM-5EQ3Z.1	0.06447638560512353	0.1321578392755842	0	0.7899846458855787	0.013381129233713616	0	0	0	0.8359327796977405	0.9853080897862485
GTEX-13S86-0526-SM-5QGPZ.1	0.054726137254631095	0.10665964334565185	0	0.6363272647081907	0.0238957174468173	0	0.17839123724470907	0	0.6190861962145878	0.9893272701423081
GTEX-UJHI-0326-SM-4IHJE.1	0.06276420801029299	0.12483207687758653	0	0.753360609095215	0.0060541184198587734	0	0.052988987597046844	0	0.6894340213135639	0.9880344881161571
GTEX-PWOO-0426-SM-48TZF.1	0.022304994358842957	0.09823915320387103	0	0.45389928972787646	0.007569840916860445	0	0.41798672179254903	0	0.5022313071908773	0.9891136359304173
GTEX-SNMC-0226-SM-4DM6F.1	0.061700221836047134	0.13051626670216826	0	0.7904762541194319	0	0	0.017307257342352705	0	0.7946637543591651	0.9859119603811489
GTEX-RWS6-0426-SM-47JXH.1	0.049223032683037356	0.12122013889506625	0	0.8207720902871881	0	0	0.008784738134708382	0	0.843525759636474	0.9846140673872119
GTEX-S3XE-0226-SM-4AD6I.1	0.055503492500806495	0.15883374791249294	0	0.7723286189482801	0.0025806674574915807	0	0.01075347318092891	0	0.8578962592514058	0.985142331985561
GTEX-U8XE-1026-SM-4E3HM.1	0.048289383917763815	0.15960332632821778	0	0.7648781752322651	0.005335661432542616	0	0.021893453089210722	0	0.7542984105796883	0.9869633376678272
GTEX-XQ8I-0326-SM-4BOPN.1	0.03623942212751405	0.08907135992635992	0	0.38031489443146893	0	0	0.4943743235146571	0	0.3341074204095475	0.9920547282570007
GTEX-RTLS-0726-SM-46MV4.1	0.09705191009155532	0.13880725451647744	0	0.6814385613118851	0	0	0.0827022740800821	0	0.5608878799694126	0.9907688097405083
GTEX-WFG7-0626-SM-4LMK6.1	0.05444694802282649	0.10143596258113793	0	0.58116895139434	0	0	0.2629481380016956	0	0.5805950889223573	0.9892630084470647
GTEX-QDVN-0126-SM-4GIC9.1	0.035778866547870304	0.08659936382358337	0	0.40940723473599494	0.002062975750072516	0	0.4661515591424789	0	0.5339112485100985	0.987799367758434
GTEX-P4PP-3026-SM-3P61O.3	0.03750696312103796	0.07931590989425102	0	0.4028814246554538	0.00790608581288659	0	0.47238961651637057	0.02	0.2394301363646485	0.9943763510727887
GTEX-13OW8-2026-SM-9WYSA.1	0.05427844357481948	0.15795770968116088	0	0.761396777909549	0	0	0.026367068834470726	0	0.7431584533433716	0.9871699855722171
GTEX-15ER7-1426-SM-6PAMA.1	0.08983482159734918	0.12535111791777104	0	0.7755989332821086	0	0	0.009215127202771208	0	0.6989879446771159	0.9878181536130085
GTEX-1BAJH-1226-SM-7SB7A.1	0.010719942618190833	0.061089671419962445	0	0.35389996940594515	0.0044609586766196545	0	0.5698294578792819	0	0.6424617513645149	0.9832540592752428
GTEX-1H3VY-1326-SM-9WPOA.1	0.06185784840245587	0.1526717281447302	0	0.7523022005948024	0.0011321432791276558	0	0.03203607957888383	0	0.8621511200895403	0.9852679828013072
GTEX-1HSMQ-0626-SM-CL54A.1	0.059801631880640936	0.06535833034864759	0	0.8748400377707114	0	0	0	0	0.7312358995374628	0.9859223849463614
GTEX-1QCLZ-0826-SM-EWRNA.1	0.0454715752412802	0.13847254971918058	0	0.6752629419408027	0.0077624827887764584	0	0.13303045030996016	0	0.7513611008466922	0.9872337679408186
GTEX-NPJ8-1326-SM-3LK6B.1	0.0548704698782867	0.10954930585805515	0	0.5703643385945631	0.010086306505843313	0	0.25512957916325163	0	0.49437599009671335	0.9910102619850628
GTEX-18A67-1426-SM-718BC.1	0.0417003633265057	0.1145600350241426	0	0.5501492125910288	0	0	0.29359038905832285	0	0.5286080257206394	0.9899858324300793
GTEX-OOBJ-3026-SM-3NB1D.1	0.05248027504950962	0.16200367687585396	0	0.7597005070658848	0.007075738590655187	0	0.0187398024180964	0	0.7678331924726244	0.9868296593475585
GTEX-1K9T9-1026-SM-D3L9D.1	0.04070372288507788	0.058145181956112145	0	0.39887468989389974	0.008795630403645194	0	0.493480774861265	0	0.4730817999873386	0.9887640624742433
GTEX-1EU9M-2026-SM-7RHGE.1	0.04823389044788792	0.1534777597719107	0.01061338619563287	0.7048152469974679	0	0	0.08285971658710074	0	0.5414286543326214	0.9908490761320752
GTEX-1IKOE-0826-SM-ARZME.1	0.05730200984628177	0.07299715152993518	0	0.36468028669922464	0	0	0.5050205519245584	0	0.46197415530359026	0.9889780907146589
GTEX-18A7B-0926-SM-7189F.1	0.05689948468463024	0.1531099584420727	0	0.7702712054283231	0	0	0.019719351444973967	0	0.3696951031779991	0.993431551518335
GTEX-OIZH-3026-SM-3NB1G.1	0.06433377462885854	0.14706331407819354	0	0.7543593423022308	0.0025780196954145644	0	0.031665549295302506	0	0.8673750196373928	0.9851522159744571
GTEX-17F9E-1226-SM-7EWDG.1	0.048897779016373794	0.16616350789440165	0	0.762880241006003	0.0003	0	0.021718064454133292	0	0.817022668063321	0.9859220266304953
GTEX-1B8KE-0426-SM-7189G.1	0.030409360496485738	0.14167330331321334	0.0024691348115575607	0.6742352811716362	0.06029910761518002	0	0.090913812591927	0	0.7654785734040175	0.9876080533637989
GTEX-12WSE-1126-SM-7DUEH.1	0.04169856589512665	0.05239532007698933	0	0.35876213320518335	0.006775959867970496	0	0.5403680209547302	0.02	0.2769855176499284	0.9929892595172022
GTEX-O5YW-3026-SM-3MJHI.1	0.04170566690402093	0.15625802372109923	0	0.7611039384601591	0.01079968678427562	0	0.030132684130445005	0	0.8797678156457324	0.9848503205085657
GTEX-15TU5-1226-SM-6PAMI.1	0.061170256929927974	0.1570796622097146	0	0.7147052134200237	0	0	0.06704486744033365	0	0.6952910913803725	0.9883238162455136
GTEX-1HCUA-0426-SM-CGQEI.1	0.06019577406123662	0.15672772436153823	0	0.7665934359125499	0.002092604992197422	0	0.01439046067247779	0	0.879031316043916	0.9848581417009428
GTEX-1J8QM-0226-SM-CYPSI.1	0.032037690457620345	0.1086983448985434	0	0.5282847658155153	0.039430991978164416	0	0.29154820685015653	0	0.6375821022709766	0.9882530007144988
GTEX-14PJ6-1226-SM-6LLHJ.1	0.06753218112113031	0.15906158770477596	0	0.7657601132312293	0	0	0.00764611794286447	0	0.8069459081292778	0.9861256320538349
GTEX-15CHR-0526-SM-79OLJ.1	0.08144839969727694	0.107013028764698	0	0.4883947323035246	0	0	0.3231438392345006	0	0.381119508436193	0.9926890856556906
GTEX-16YQH-0826-SM-7938J.1	0.0628451435219296	0.16149051604432124	0	0.766652665003663	0	0	0.009011675430086128	0	0.6442441549851676	0.9888559635680928
GTEX-1GMR8-1226-SM-9YFLJ.1	0.054931423121965244	0.14772356404639003	0	0.7286753485527868	0	0	0.06866966427885782	0	0.48464637593690896	0.9916389205817242
GTEX-1LGRB-0826-SM-COH3J.1	0.056214842410867806	0.16337041038483469	0	0.759623679421975	0	0	0.020791067782322505	0	0.7603403378464941	0.9869355271694429
GTEX-14E7W-1026-SM-62LEK.1	0.0460930616401922	0.1103790919504835	0	0.6851251632666037	0	0	0.1584026831427206	0	0.4953213606474831	0.9911640684252697
GTEX-1F6I4-0626-SM-9MQLL.1	0.0519835367362025	0.15107062027929183	0	0.787420133470644	0	0	0.009525709513861613	0	0.8223438336117617	0.9855137674494031
GTEX-14BMV-0926-SM-7DHKM.1	0.09923487949964811	0.11750571046009076	0	0.5463430776582833	0	0	0.2369163323819779	0	0.32246184970077296	0.9942981472781286
GTEX-1GN1U-1326-SM-9KNTM.1	0.05845854584603374	0.1290062705572253	0	0.7936759423309532	0	0	0.018859241265787877	0	0.7579681439068755	0.9864975776113627
GTEX-1HSKV-0926-SM-CGQEM.1	0.051590661299272964	0.1422170857763018	0.0007	0.7898130976232407	0	0	0.015719373550276573	0	0.7371434469310115	0.9869307097266009
GTEX-1I1GQ-1326-SM-CM2TM.1	0.07244407393861049	0.12087421062342825	0	0.8055182374886903	0	0	0.0011634779492709015	0	0.7352091062638759	0.9868114335586335
GTEX-1M5QR-1126-SM-EYYWM.1	0.04761617662121953	0.15863872283133273	0	0.7774120774015043	0.011292924866458602	0	0.005040098279484871	0	0.8113674215405959	0.9858976028572501
GTEX-139YR-0726-SM-62LFN.1	0.015310672320410116	0.07852507025685673	0	0.3840814397799809	0.006662589807411806	0	0.5154202278353405	0	0.32919679606546043	0.9919163520781509
GTEX-1B932-1226-SM-7PBYN.1	0.07469271468012696	0.1563695217627173	0	0.7652120314143017	0.0037257321428539355	0	0	0	0.6810754813802407	0.9882936451072902
GTEX-NPJ7-1326-SM-3MJHO.1	0.06519656815646505	0.1487048820265567	0	0.7224190658496215	0.0016139121560339704	0	0.06206557181132281	0	0.5242220791437818	0.9910830682480563
GTEX-15SHV-0726-SM-6PAMO.1	0.05289530884308332	0.14746694241317373	0	0.7313640106233947	0.0014126100400888558	0	0.06686112808025939	0	0.8079519217779467	0.9862237657121631
GTEX-17F9Y-1426-SM-7IGOO.1	0.03759638243029615	0.148723278639083	0	0.7677675123893541	0	0	0.045912826541266646	0	0.7451280668808223	0.9869213072347149
GTEX-18A7A-1126-SM-7LT8O.1	0.0451997000583853	0.1303921932693608	0	0.7988088087815682	0.011086231875410484	0	0.01451306601527517	0	0.9056916164150459	0.9838619627060804
GTEX-1IDJD-0426-SM-CM2TO.1	0.029933934217186625	0.08184292430434678	0	0.42754009965473944	0.0036068018322400366	0	0.4570762399914871	0	0.5216430651294669	0.9881449330946117
GTEX-1LGOU-0426-SM-D3L8O.1	0.06875727391781904	0.13512335560545477	0	0.7761640979979471	0.0003	0	0.019675042936357783	0	0.8621218165342107	0.9849574506314248
GTEX-15RJ7-0526-SM-6PANP.1	0.039395774010299346	0.11104704159362468	0	0.554306664345595	0.013467610750019529	0	0.28178290930046146	0	0.5540789023536477	0.989683174846328
GTEX-17HII-1126-SM-7IGOP.1	0.04219180256810853	0.15129983286555546	0	0.7404657006764291	0.010544923678341872	0	0.05549774021156502	0	0.6816787523107889	0.9883157387363186
GTEX-1I1GP-0726-SM-B2LVP.1	0.059148573355193385	0.14566305883299888	0	0.7168994794566347	0.005825994397827286	0	0.07246289395734572	0	0.6242524546581729	0.989430980711745
GTEX-1JMQJ-2526-SM-CY8HP.1	0.002659405177405731	0.14590610569023144	0.013556581680401615	0.7394023224278051	0.03892005057444118	0	0.05955553444971483	0.02	0.23707004526348366	0.995748137600784
GTEX-1LVAN-1826-SM-CNPOP.1	0.06869813243298709	0.15644957980582277	0	0.75551389219039	0.004287351829541291	0	0.015051043741258787	0	0.8174238768946483	0.9860786429846673
GTEX-13O61-0626-SM-5L3D1.1	0.06092644809475138	0.14873653479578347	0	0.6919352732980594	0	0	0.09840174381140583	0	0.7015815001451396	0.9882309447704895
GTEX-ZQG8-0626-SM-57WF3.1	0.02384915275580266	0.0701662752541793	0	0.3327882949316951	0.009752261616646421	0	0.5634440154416765	0	0.809349648919457	0.9792493278961205
GTEX-Y8E4-0226-SM-4VBQ3.1	0.04337954354282161	0.11930126313234128	0	0.6877272694856005	0.0036449738742311273	0	0.1459469499650056	0	0.6951598433104057	0.9878470240228094
GTEX-131XG-0826-SM-5LZVS.1	0.012673958270425386	0.12280586683763581	0.001	0.6034295195455684	0.0988319796953588	0	0.16129055602220305	0	0.7903197686510617	0.9872928794568343
GTEX-YB5K-0426-SM-5LUA4.1	0.008447121711131085	0.08445199611335735	0.0011429093585572443	0.3715591943677471	0.06045673705492129	0	0.473942041394286	0	0.5489239781205457	0.9875496997287003
GTEX-ZT9W-0426-SM-57WF4.1	0.03150453680891815	0.11044814080068245	0	0.5255804467863617	0.002732365819767741	0	0.32973450978426994	0	0.5887110979277494	0.9884422487486791
GTEX-11I78-1026-SM-5HL74.1	0.022907128981836736	0.05736011719925695	0	0.3510034255437056	0	0	0.5687293282752006	0	0.5531345460109788	0.9856083295628918
GTEX-11ZUS-0526-SM-59884.1	0.05780050430612612	0.12964334105352932	0	0.6550269153979283	0	0	0.15752923924241619	0	0.38508563856767136	0.9932700774001444
GTEX-ZVT2-0526-SM-5E455.1	0.055664125690233636	0.08776934116790973	0	0.5081237477894586	0.004343913854211716	0	0.34409887149818646	0	0.6003005847903848	0.9880928483578859
GTEX-11TT1-1526-SM-5EQKU.1	0.053762119587241405	0.13588087568208845	0	0.6747519512111477	0	0	0.13560505351952246	0	0.6238382576360516	0.9893233424667325
GTEX-Y3IK-0926-SM-51MQU.1	0.04077682952429311	0.14408121475077745	0	0.6978707691563059	0.04072418318687755	0	0.07654700338174604	0	0.7262663294846877	0.9880186487466347
GTEX-146FH-0926-SM-5SI96.1	0.057305146360631	0.13430146260809955	0	0.6908066448279591	0.007594561139124771	0	0.10999218506418558	0	0.6036775455336634	0.9897510499939569
GTEX-12WSK-0726-SM-5LZUV.1	0.04673003303046731	0.1433150075797461	0	0.673882845931833	0	0	0.13607211345795361	0	0.667279825883697	0.9886027760353995
GTEX-13QBU-0126-SM-5LU3V.1	0.0363259697478319	0.07888357412362333	0	0.36647968716983825	0.005029006397194698	0	0.5132817625615118	0	0.5175792536206506	0.9875095467661209
GTEX-13PL7-1826-SM-5IJDV.1	0.05003156039684886	0.11945501937594372	0	0.5603544244236068	0.001665314685765027	0	0.2684936811178355	0	0.5723336533183815	0.9895052339839391
GTEX-Y5V6-0326-SM-4VBRW.1	0.05083555015661753	0.1452184477417875	0	0.7247048185363827	0.008191964185437732	0	0.07104921937977464	0	0.8518197510883618	0.9855653604553337
GTEX-11DXY-1126-SM-5987W.1	0.06709331209041276	0.1354184527653551	0	0.7663934152251095	0.018655148112964055	0	0.012439671806158568	0	0.5956895923946204	0.9896909397250762
GTEX-13VXT-1026-SM-5LU37.1	0.13498959716783396	0.0797527516565337	0	0.5523831726792535	0.006541752391904387	0	0.22633272610447447	0.04	0.09401279376678863	0.998117236166307
GTEX-1445S-1126-SM-5QGOW.1	0.04308535257712264	0.15639378305132928	0	0.7511943686867855	0.00664033922379144	0	0.04268615646097125	0	0.6059031350996963	0.9895325938560249
GTEX-ZDYS-0126-SM-5HL6X.1	0.021577645446915903	0.08075835674932369	0	0.39060218104433375	0.010932295588219362	0	0.49612952117120723	0	0.5966666610308113	0.9858607425857129
GTEX-14C5O-1426-SM-5RQI8.1	0.05318180173257897	0.1643800293173522	0	0.7824381689500688	0	0	0	0	0.7589519212201999	0.986724311211885
GTEX-ZV7C-0426-SM-51MQY.1	0.027885012885421664	0.08788747793220365	0	0.47439123187486965	0.00401552636482073	0	0.4058207509426843	0	0.5673198524547729	0.9878265470680982
GTEX-13OVG-0726-SM-5IJBY.1	0.01894659572904534	0.13670665774546314	0	0.6429252947279651	0.04077813665351668	0	0.1606433151440097	0	0.6545546499851749	0.9889151330992525
GTEX-1A8G6-1726-SM-73KXZ.1	0.049009212946754595	0.15030963160806401	0	0.7728227629949359	0.004648569074551913	0	0.023209823375693602	0	0.8083511248671209	0.9859157451225763
GTEX-1EN7A-0926-SM-7P8RZ.1	0.048872863994270335	0.11861927297327692	0	0.7432568459234953	0.025931715316632003	0	0.06331930179232545	0	0.7535394300352938	0.98703530171584
GTEX-1F5PK-0426-SM-7RHHZ.1	0.021330414961386136	0.07397213776978359	0	0.35606959656198606	0.0071964581054331	0	0.5414313926014112	0	0.7107807514342134	0.9822174134395124
GTEX-1OKEX-0626-SM-E76PZ.1	0.05092201977751578	0.09222421594452117	0	0.538064458616744	0	0	0.318789305661219	0	0.6303222531749442	0.9877444808744112
GTEX-REY6-0926-SM-48FDA.1	0.04636611739973094	0.1279458157329204	0	0.6743994216243141	0	0	0.1512886452430346	0	0.6629789617911402	0.9884832757807145
GTEX-1122O-0426-SM-5H12G.1	0.0686924127437012	0.1636875533815994	0	0.748011526372924	0	0	0.019608507501775348	0	0.7692404185512365	0.9869640228742623
GTEX-11ONC-1126-SM-5GU6G.1	0.040682585118303055	0.15306784797692735	0	0.7748151896743098	0.0021170048171551543	0	0.029317372413304597	0	0.44712887665661016	0.9920491175579894
GTEX-WRHU-1126-SM-4E3I1.1	0.04811129474276698	0.15152581509465443	0	0.7771442122100577	0	0	0.023218677952520958	0	0.7206253541324676	0.9873523185978139
GTEX-RUSQ-0426-SM-47JWR.1	0.0429401858481825	0.16958537558273365	0	0.7812711734115521	0.0001	0	0.006071639448447095	0	0.7881766108513106	0.9862116652941445
GTEX-R53T-0726-SM-48FCS.1	0.02553235701719688	0.08841926169346635	0	0.4341698986864664	0.0005	0	0.45137495256130555	0	0.5671018765428981	0.9871982893789369
GTEX-WEY5-0326-SM-4LMI7.1	0.018867278722931053	0.04927719741688546	0	0.3173485488916286	0.00594245389301905	0	0.6085645210755358	0	0.7265520951290446	0.9802220894329348
GTEX-UPIC-0326-SM-4IHJ9.1	0.09293598404958608	0.14919165709065485	0	0.718306896636801	0	0	0.039565462222958	0	0.37835630233931195	0.9935931249029956
GTEX-PSDG-0826-SM-48TCZ.1	0.08734247680362141	0.15770110492277586	0	0.7417931490306989	0	0	0.01316326924290379	0	0.5308354510465392	0.9910074711320654
GTEX-PWCY-0426-SM-48TCW.1	0.050305455142368574	0.1234852584457056	0	0.7937207349025679	0	0	0.032488551509357935	0	0.7034750708255637	0.9873788135025838
GTEX-VUSG-0626-SM-4KL1Z.1	0.047456472446710286	0.15573344197661854	0	0.7721665433983204	0	0	0.024643542178350776	0	0.8192355379441264	0.9857221406764961
GTEX-OIZF-3026-SM-7PC3D.1	0.04266623939192745	0.11861258657636631	0	0.6782897820140081	0.021649153785028352	0	0.13878223823266975	0	0.7973537950345592	0.9863647256742412
GTEX-1RDX4-1126-SM-E9U6E.1	0.024410961181189156	0.13726664633644267	0	0.5546841339015997	0	0	0.2836382585807686	0.02	0.2427735425469228	0.9952921223694801
GTEX-S32W-0526-SM-4AD6F.1	0.06337666732182638	0.15380514273405482	0	0.7332111149874443	0	0	0.04960707495667447	0	0.7187310054664483	0.9878235869223964
GTEX-1R9K4-1126-SM-E9J4G.1	0.07426125586931295	0.15181884699405823	0	0.6029854432953282	0	0	0.17093445384130057	0.02	0.2305750884645756	0.9959779227355555
GTEX-1QPFJ-0826-SM-EYYXL.1	0.06004237504011662	0.15906944054327146	0	0.7159988739485351	0	0	0.06488931046807672	0	0.6985328624741881	0.9882706224496316
GTEX-T2YK-1126-SM-EVYAL.1	0.02814889415832955	0.15976900740215427	0	0.6476418288114472	0.0015165563113412124	0	0.1629237133167277	0	0.39646720116901807	0.9930867179957457
GTEX-ZG7Y-2326-SM-DO92L.1	0.032443641113908094	0.1092219650352336	0	0.5119611536419246	0.008212069447314686	0	0.33816117076161895	0	0.3226384887260331	0.9935211998467189
GTEX-QV44-0726-SM-DKPON.1	0.14615552923160774	0.14036812368089666	0	0.6582624177423472	0	0	0.05521392934514847	0	0.46185484954443534	0.992698721827563
GTEX-QEG5-1026-SM-DKPOO.1	0.0396757502497021	0.11406875783452586	0	0.5529483799838929	0	0	0.2933071119318792	0	0.5999225997469505	0.9886507927730638
GTEX-QLQ7-0326-SM-DHXIO.1	0.020073326335384306	0.14556816366622424	0.0005	0.7209979504063126	0.013410298982687986	0	0.09943039906053155	0	0.8012976838261843	0.9861679572097345
GTEX-1EX96-2826-SM-7PBZQ.1	0	0.24670100774236353	0.01664786474030316	0.7196791845332584	0	0	0.016971942984074864	0.29	0.019395949718691616	0.9993576010061409
GTEX-1HC8U-0526-SM-9WYSQ.1	0.030489245470053203	0.0775351829719282	0	0.39952545209453433	0.0020555736273689595	0	0.4903945458361153	0	0.5232034355128333	0.9876412393780586
GTEX-15CHQ-1626-SM-6LLJR.1	0.059180957451248135	0.15552152209297201	0	0.7852355571637016	0	0.0001	0	0	0.682617552242011	0.9879997702316037
GTEX-1HBPM-1126-SM-9YFL2.1	0.025790431691010963	0.16497496822072072	0	0.7365684909458563	0.04057791409437042	0	0.032088195048041675	0	0.6543426829231617	0.9889999860256898
GTEX-OHPL-3026-SM-3MJGS.1	0.034856845040964486	0.09401650270511525	0	0.45072465872314493	0	0	0.4204019935307754	0	0.5528263240775937	0.9880074362903226
GTEX-15CHC-0526-SM-6EU23.1	0.05324543176702111	0.08948745509951388	0	0.48351869014650134	0.0034953428392050265	0	0.3702530801477586	0	0.49447352133975647	0.98988889415371
GTEX-1CAMS-1226-SM-79393.1	0.05421609698307599	0.16026295422562084	0	0.7814343705690189	0.004086578222284199	0	0	0	0.7935118391664876	0.9861526747791135
GTEX-1GL5R-0226-SM-7SB93.1	0.015542445102231595	0.0800126187255844	0	0.3590910153788655	0.004894570483000398	0	0.540459350310318	0	0.49569857657287403	0.9875742541325224
GTEX-1GMR3-0626-SM-9WYT3.1	0.065805044099622	0.15118903161917105	0	0.7808720558065408	0	0	0.0021338684746661746	0	0.8172596841361522	0.9857407932640173
GTEX-1HFI7-0626-SM-ADEI3.1	0.016390973032410244	0.06056354513478217	0	0.31145076190681537	0.00586915122098093	0	0.6057255687050113	0	0.5163839401151531	0.986018664331369
GTEX-14PJM-1026-SM-6ETZT.1	0.0462367836341965	0.14344169544116794	0	0.7870655129012959	0.015524864611869657	0	0.007731143411469915	0	0.8268673252076948	0.9854756091203695
GTEX-1AX8Z-1426-SM-7939T.1	0.06710535184505197	0.14433992417094224	0	0.6597206293892909	0.0032261667807971703	0	0.1256079278139177	0	0.8024899730522279	0.9867078328032617
GTEX-1AYD5-0626-SM-7RHHT.1	0.026720335887610004	0.13289233734718192	0	0.7055830885145665	0.05079924374090868	0	0.084004994509733	0	0.8353047375479988	0.9860728830697909
GTEX-1H1ZS-0926-SM-ADEIT.1	0.08965492557981071	0.12377082675983749	0	0.7733043117965608	0	0	0.01326993586379104	0	0.6578050255623787	0.9885332323025335
GTEX-1HSGN-1226-SM-CGQFT.1	0.07335214312705089	0.15037253157405422	0	0.7228480634721481	0.0112051159184286	0	0.04222214590831816	0	0.5533420237369906	0.9907221360725965
GTEX-14H4A-0526-SM-62LEU.1	0.06813090305465379	0.10421796235314788	0	0.47863841677477037	0	0	0.34901271781742793	0	0.5137576362454799	0.9898866219464566
GTEX-1AYCT-0626-SM-7EPI5.1	0	0.08205157518701899	0	0.3491690320906167	0.019827606291596817	0	0.5489517864307674	0	0.3716774907474559	0.9905704741560302
GTEX-1IDJH-1226-SM-E6CJU.1	0.06270175334691322	0.15244975460948945	0	0.7848484920435973	0	0	0	0	0.8548350490527614	0.9850388468221932
GTEX-O5YV-0426-SM-3LK66.1	0.05599277871772855	0.1535701430897295	0	0.7644372155844504	0.0029631123991891327	0	0.023036750208902407	0	0.7133320979668906	0.9876563440401253
GTEX-17GQL-0426-SM-7LG5V.1	0.034801036419901815	0.07376997169356952	0	0.3689868437439944	0.012814382178584726	0	0.5096277659639495	0	0.4895844686264181	0.9882344071860204
GTEX-1A8G7-2726-SM-7MGWV.1	0.023208189756349227	0.16055692973263663	0	0.7464564052732106	0.0129089511710752	0	0.05686952406672829	0	0.5667651324217442	0.9901672668507674
GTEX-1B8SG-0926-SM-73KV6.1	0.018334548541463005	0.12427799296430478	0.026160102738400456	0.7175074242390369	0.047860697903819256	0	0.06585923361297553	0	0.6002708661830101	0.9899431523821686
GTEX-1C6WA-1126-SM-7IGP6.1	0.1090372418058729	0.12482853352299669	0	0.5983832073273968	0	0	0.1677510173437336	0.02	0.22257503819759653	0.9961388168548072
GTEX-1EKGG-1026-SM-7RHG6.1	0.05813009026240379	0.15881645436512362	0	0.7596319622713862	0.006057319204447053	0	0.017364173896639454	0	0.8320888470838587	0.9857556303493675
GTEX-1HCU7-1526-SM-CM2S6.1	0.039624061246811344	0.14575053436184884	0	0.6974891828949569	0.00927876810731713	0	0.10785745338906591	0	0.46021573676000505	0.9920745630308907
GTEX-1JN1M-0926-SM-D4P2V.1	0.05033416046506786	0.15645619029589122	0	0.7693876939575842	0.007744504626182598	0	0.016077450655274085	0	0.8230428124977172	0.9857634393050616
GTEX-1OFPY-1126-SM-E8VNV.1	0.04099725277368398	0.1634879564568355	0	0.7664289508492965	0.007551671165336057	0	0.021534168754847913	0	0.6486695792650239	0.9887376506125976
GTEX-14PJ4-1026-SM-6AJ97.1	0.03512032386739039	0.16106380575189744	0	0.7730954680588781	0.010193912630744413	0	0.020526489691089764	0	0.8511219157780487	0.9852000608519026
GTEX-14XAO-1026-SM-6LLJ7.1	0.0427150178764354	0.12215275711601727	0	0.5896501299774928	0.004319376917161975	0	0.2411627181128926	0	0.6250475841391274	0.9887457594862492
GTEX-15SHU-1026-SM-6PAL7.1	0.04843024689622535	0.1573286228412025	0	0.7705887225190562	0.012258960274155675	0	0.011393447469360383	0	0.8583912484563554	0.985174955856587
GTEX-1A32A-1726-SM-731BW.1	0.044864647701549625	0.1506891741455723	0	0.7684743486479129	0.0064408818773048025	0	0.029530947627660457	0	0.7586324625261214	0.9867963447974724
GTEX-1H3NZ-0926-SM-9YFM7.1	0.06719938694284007	0.15742903776148312	0	0.7644925641187654	0	0	0.010879011176911332	0	0.7525331127808212	0.9870489825345519
GTEX-1IDJU-0826-SM-ARL87.1	0.04015909589343663	0.06982526931033055	0	0.3681835738871599	0	0	0.5218320609090729	0	0.4828903560957226	0.9881774060070299
GTEX-15DDE-1226-SM-6PAN8.1	0.0709752619098793	0.16091076382630545	0	0.7430706546388646	0	0	0.02504331962495061	0	0.5586701854645186	0.9904894798827181
GTEX-18A66-1026-SM-731B8.1	0.04054271600947728	0.15308662629546677	0	0.7841148801496215	0.020743912876634893	0	0.0015118646687995983	0	0.8827176753304974	0.9845962010309438
GTEX-1AX9I-0926-SM-73KX8.1	0.044072526125490834	0.1457882745848236	0	0.6780097461716923	0.002981131984851582	0	0.12914832113314165	0	0.4961860257792021	0.9914765265182072
GTEX-1B97J-0826-SM-7SB78.1	0.009410724650620417	0.07799583776630452	0	0.368535125184422	0.003964400211237356	0	0.5400939121874158	0	0.37051591132173506	0.9906499779687369
GTEX-1HBPH-0326-SM-CM2S8.1	0.05435079486347134	0.15048768853150288	0	0.7707957829208842	0	0	0.02436573368414141	0	0.6512494967695591	0.9886195973727065
GTEX-1HCVE-0926-SM-CGQEX.1	0.044916957882959234	0.16183528832533267	0	0.7876367155271977	0.0004	0	0.005250686651004589	0	0.732397856655646	0.987086949619761
