NAME	CMC	END	LYM	SMC	MAC	RBC	ADI
7SK	215.00000000000003	24.0	287.5	4631.000000000002	508.0	1314349.999999999	43200.49999999996
ABCC13	1.0	1.0	1.0	1.0	2.0	18308.999999999993	1.0
ABCC9	146.00000000000003	1.0	1.0	487.5	1.0	1.0	944.0000000000002
ABCG2	21.000000000000007	145.00000000000006	13.999999999999996	29.5	17.499999999999996	15640.999999999993	21.500000000000004
AC004076.9	35.99999999999999	16.0	21.000000000000007	36.5	13.0	28022.999999999975	62.5
AC006129.2	1.0	18.999999999999996	507.5000000000001	1.0	6.0	1.0	1.0
AC007563.5	49.00000000000001	1.0	1.0	1222.4999999999998	2.0	1.0	1940.0
AC007750.5	1.0	6.0	1.0	959.0000000000003	6.0	1.0	509.4999999999999
AC008984.2	1.0	1.0	8.0	1.0	353.9999999999999	1.0	1.0
AC009413.2	13.0	9.499999999999998	27.999999999999993	9.999999999999998	21.000000000000007	14504.000000000005	61.999999999999986
AC011899.9	1.0	1.0	4.5	1.0	380.49999999999983	1.0	1.0
AC018755.18	1.0	3.0	27.999999999999993	1.0	1440.0	1.0	1.0
AC132217.4	942.0000000000006	13.0	1.0	11.0	2.0	203.99999999999994	66.99999999999999
AC142391.3	8.0	3409.0	3.0	56.499999999999986	2.0	1.0	15.5
ACPP	76.99999999999999	2.0	6.0	17.499999999999996	565.5	1.0	5.000000000000001
ACTC1	46809.999999999956	2.0	2.0	9.499999999999998	4.0	1.0	8.0
ACTN2	8146.0	8.999999999999998	2.0	3.0	6.0	1.0	3.0
ACVRL1	8.0	4665.0	2.0	527.5	131.00000000000006	1.0	548.0000000000003
ADAM33	32.0	2.0	1.0	360.0000000000002	2.0	1.0	1185.5
ADAMTS1	1055.9999999999993	611.5	8.0	10571.500000000007	4.0	1.0	2365.499999999999
ADAMTS12	909.0000000000003	25.5	1.0	4249.499999999998	2.0	1.0	4732.000000000001
ADAMTS15	358.0	2.0	2.0	317.4999999999998	4.0	1.0	4358.000000000001
ADAMTS18	8.0	573.5	1.0	20.5	1.0	1.0	184.00000000000003
ADAMTS2	301.99999999999994	2.0	2.0	4929.499999999999	37.00000000000001	1.0	6817.000000000002
ADAMTS9	2723.000000000001	991.9999999999997	1.0	53.500000000000014	3.0	1.0	776.0000000000006
ADAP2	12.000000000000004	8.0	39.999999999999986	21.500000000000004	2568.4999999999995	1.0	18.499999999999996
ADGRF5	11.000000000000004	996.5000000000005	1.0	2.0	1.0	1.0	39.999999999999986
ADGRG5	13.0	2.0	432.4999999999999	1.0	15.5	1.0	3.0
ADGRL2	2119.9999999999986	1844.4999999999989	1.0	2738.499999999999	3.0	1.0	3911.0000000000005
ADGRL3	884.0000000000001	1.0	1.0	2.5	2.0	1.0	28.499999999999993
ADGRL4	13.0	4513.000000000003	1.0	1084.5	2.0	1.0	111.5
ADH1A	8.999999999999998	1.0	2.0	4.0	1.0	1.0	658.5
ADH1B	5.000000000000001	1.0	1.0	15.000000000000002	1.0	1.0	39738.99999999998
ADH1C	1.0	1.0	1.0	5.000000000000001	1.0	1.0	618.0
ADIPOQ	1.0	1.0	1.0	1.0	1.0	1.0	159319.50000000006
ADIPOQ-AS1	1.0	1.0	1.0	1.0	1.0	1.0	78604.49999999999
AGT	291.00000000000017	1.0	1.0	6.0	1.0	1.0	1442.0000000000005
AHSP	1.0	2.0	1.0	1.0	1.0	12199.000000000004	1.0
AIF1	3.0	2.0	177.0	1.0	9538.500000000002	8.999999999999998	1.0
AKAP7	111.99999999999997	71.5	176.0	63.50000000000001	158.49999999999994	82464.00000000006	216.49999999999994
AKR1C1	52.000000000000014	66.00000000000001	16.999999999999996	1541.4999999999995	43.5	195.9999999999999	30782.499999999985
AKR1C2	23.000000000000004	25.5	7.0	322.50000000000006	18.999999999999996	43.0	28850.999999999985
ALAS2	11.000000000000004	2.0	7.0	1.0	2.0	781122.0	1.0
ALDH1L1	8.0	1.0	3.0	1.0	1.0	1.0	7911.499999999999
ALS2CR12	17.999999999999996	8.0	38.999999999999986	16.5	28.999999999999996	87236.99999999985	15.5
AMOTL2	1694.9999999999993	1848.4999999999998	2.0	6386.000000000002	5.000000000000001	1.0	4757.999999999998
ANGPTL2	234.00000000000003	458.4999999999999	2.0	2416.0000000000005	6.0	1.0	6246.000000000003
ANK1	95.0	25.999999999999993	197.49999999999994	40.49999999999999	13.0	57046.00000000001	56.000000000000014
ANKRD1	5680.999999999998	8201.499999999996	2.0	211.0	8.0	1.0	215.49999999999991
ANKRD36BP2	7.0	5.000000000000001	114.00000000000004	3.0	7.0	479905.99999999977	5.000000000000001
ANO9	33.0	8.999999999999998	1186.9999999999993	4.0	47.5	1.0	6.0
ANPEP	8.999999999999998	7717.499999999996	57.00000000000002	6221.5	14624.0	1.0	1385.4999999999995
ANTXR1	2837.0000000000005	271.50000000000006	2.0	6031.0	8.999999999999998	1.0	4093.5
AOAH	2.0	2.0	213.49999999999997	1.0	3820.999999999998	8.999999999999998	1.5
AOC3	54.00000000000002	6.0	20.000000000000004	16.0	37.5	1.0	34124.49999999999
AOX1	9.999999999999998	18.499999999999996	2.0	772.0000000000002	5.000000000000001	8.999999999999998	5143.5
APLN	21.000000000000007	5067.999999999998	1.5	71.5	5.000000000000001	1.0	169.0
APOBR	3.0	2.0	317.4999999999999	1.0	7016.500000000001	1.0	3.0
APOC1	37.99999999999999	7.0	2.0	9.999999999999998	396.4999999999999	1.0	12002.5
APOE	927.9999999999993	8.999999999999998	8.0	16.0	1339.9999999999995	1.0	146598.99999999994
AQP7	5.000000000000001	1.0	4.0	2.0	2.0	1.0	6713.0
AQP9	1.0	1.0	16.0	1.0	6168.500000000002	16.999999999999996	4.5
ARHGAP15	1.0	2.0	1702.4999999999995	1.0	781.0	930.0000000000005	1.0
ARHGAP29	1383.0000000000005	5750.999999999999	3.0	2448.999999999998	12.500000000000002	8.999999999999998	3225.5
ARHGEF15	7.0	1271.9999999999993	1.0	1.0	1.0	1.0	1.0
ARSJ	222.00000000000003	1183.5	2.0	2492.9999999999995	2.0	1.0	590.4999999999998
ASS1	1203.9999999999995	50.999999999999986	4.0	1382.4999999999995	6.0	1.0	22982.500000000004
ASS1P11	8.999999999999998	1.0	1.0	12.000000000000004	1.0	1.0	776.4999999999998
AXL	1423.0	2949.499999999999	8.0	14587.499999999996	52.999999999999986	1.0	2711.999999999999
AZGP1	2.0	1.0	1.0	1.0	1.0	1.0	3429.000000000001
BACH2	773.0000000000005	65.5	2106.9999999999986	8.5	15.000000000000002	1.0	13.999999999999996
BCAM	1149.9999999999998	331.9999999999998	1.0	254.5000000000001	8.999999999999998	480.99999999999994	117.5
BCL11B	47.00000000000001	3.5	957.4999999999998	1.0	8.999999999999998	11.000000000000004	8.0
BCL6B	7.0	3666.4999999999986	5.000000000000001	2.0	2.0	1.0	1.0
BDKRB1	8.999999999999998	1.0	1.0	1288.5	2.0	1.0	35.0
BDKRB2	64.0	6.0	1.0	2456.0	2.0	1.0	188.50000000000003
BGN	293.99999999999983	3545.0	1.0	10517.499999999996	2.0	1.0	1981.9999999999986
BICC1	561.0000000000002	27.999999999999993	2.0	5467.500000000002	7.0	1.0	1088.5000000000005
BICDL1	93.99999999999996	2.0	1018.9999999999999	3.0	29.5	1.0	16.0
BLK	6.0	2.0	403.5000000000001	3.0	4.0	1.0	2.0
BMP5	3998.9999999999986	1.0	1.0	1.0	1.0	1.0	1.0
BMP6	55.000000000000014	3801.0000000000005	9.999999999999998	144.5	21.000000000000007	1.0	42.50000000000001
BMP7	1048.0	1.0	1.0	1.0	2.0	1.0	1.0
BMX	3.0	2259.9999999999995	1.0	1.0	5.000000000000001	1.0	1.0
BNIP3L	2767.999999999998	2268.0	1205.4999999999993	4092.0000000000014	4426.999999999999	3170669.0000000005	13478.5
BTLA	2.0	1.5	699.5	2.0	8.0	43.0	13.0
BVES	3562.999999999999	150.5	2.0	404.4999999999999	4.0	1.0	580.5
C14orf180	15.000000000000002	1.0	1.0	1.0	1.0	1.0	5130.500000000004
C15orf48	3.0	3.0	7.0	18.499999999999996	640.5	1.0	3.0
C16orf54	2.0	2.0	1527.4999999999995	1.0	880.9999999999995	1.0	1.0
C1QA	1.0	1.0	2.0	1.0	2398.5	1.0	20.000000000000004
C1QB	1.0	1.0	2.0	1.0	1643.9999999999995	1.0	3.0
C1QC	1.0	1.0	1.0	1.0	1614.4999999999998	1.0	1.0
C1QTNF1	126.00000000000003	63.000000000000014	2.0	2556.999999999999	6.0	1.0	3052.5
C1QTNF5	21.000000000000007	629.9999999999999	1.0	170.5	2.0	1.0	189.00000000000003
C3AR1	2.0	9.999999999999998	46.00000000000001	10.5	3698.9999999999973	1.0	3.0
C5AR1	6.0	2.0	61.999999999999986	18.499999999999996	14971.000000000007	49.999999999999986	29.0
C8orf4	25.00000000000001	654.5	1.0	465.00000000000045	2.0	1.0	5.000000000000001
CA1	2.0	2.0	2.0	1.0	2.0	86003.99999999993	1.0
CA12	42.000000000000014	37.499999999999986	2.0	3713.499999999999	16.5	1.0	2495.999999999998
CACNA1G	429.0000000000004	2.0	1.0	6.0	9.999999999999998	1.0	6.0
CADPS	907.0000000000001	1.0	2.0	2.0	1.5	1.0	19.0
CALB2	33.0	1.0	1.0	18.500000000000004	1.0	1.0	2057.500000000001
CALCRL	75.99999999999999	4159.0	13.999999999999996	86.49999999999999	38.499999999999986	1.0	2134.499999999999
CALD1	6623.999999999995	5687.999999999998	11.000000000000004	29010.999999999993	13.0	1.0	26676.50000000002
CAP2	2171.0000000000005	190.50000000000006	1.0	1049.9999999999998	2.0	1.0	855.4999999999998
CARD11	30.000000000000004	833.4999999999995	3920.000000000001	19.5	48.5	8.999999999999998	4.0
CARMIL2	33.99999999999999	22.0	2502.0	17.999999999999996	26.999999999999993	1.0	9.999999999999998
CAV1	601.0000000000003	19138.49999999999	12.000000000000004	12595.000000000005	5.5	1.0	33559.5
CAV2	627.9999999999997	3593.4999999999995	2.0	2729.0000000000005	7.0	1.0	13683.499999999993
CCDC80	3188.0000000000005	801.0000000000002	19.5	27850.499999999996	55.500000000000014	1.0	48807.99999999997
CCL3	2.0	2.0	126.99999999999997	1.0	2790.000000000002	11.000000000000004	1.0
CCR1	1.0	1.0	56.50000000000002	1.0	8937.0	1.0	5.000000000000001
CCR4	2.0	3.0	256.0	4.0	4.0	8.999999999999998	2.0
CCR6	4.0	2.0	382.5000000000001	1.0	6.0	1.0	3.0
CCR7	3.0	2.0	4276.000000000002	33.0	39.499999999999986	8.999999999999998	30.000000000000004
CD14	3.0	13.0	17.999999999999996	35.99999999999999	16247.500000000002	8.999999999999998	149.99999999999997
CD163	3.0	2.0	5.000000000000001	2.0	7896.499999999996	1.0	1.0
CD2	1.0	2.0	649.5000000000002	1.0	25.00000000000001	1.0	1.0
CD247	4.0	2.0	1482.4999999999993	1.0	16.5	8.999999999999998	1.5
CD248	277.0000000000001	2.0	16.999999999999996	4858.5	5.000000000000001	1.0	9882.99999999999
CD28	2.0	2.0	645.5	1.5	15.5	8.999999999999998	4.0
CD300C	2.0	2.0	15.000000000000002	1.0	785.9999999999999	1.0	1.0
CD300E	2.0	2.0	16.0	1.0	2136.999999999998	1.0	1.0
CD300LB	1.0	1.0	7.0	1.0	641.4999999999998	1.0	1.0
CD300LF	1.0	2.0	9.999999999999998	1.0	2053.499999999999	1.0	1.0
CD33	2.0	2.0	21.500000000000004	1.0	1671.0000000000002	1.0	1.0
CD34	16.0	1200.9999999999995	4.0	35.99999999999999	3.0	1.0	20.0
CD36	64.0	25.5	11.000000000000004	16.0	6234.499999999998	55518.99999999996	90402.49999999997
CD3D	1.0	1.5	373.9999999999998	1.0	4.0	8.999999999999998	1.0
CD3E	1.0	2.0	1339.4999999999993	1.0	8.999999999999998	11.000000000000004	1.0
CD3G	2.0	1.0	266.0000000000001	1.0	5.000000000000001	1.0	1.0
CD40LG	2.0	1.0	155.0	1.0	4.0	1.0	1.0
CD46P1	2.0	6.0	7.5	4.0	21.000000000000007	6324.999999999995	41.50000000000001
CD48	1.0	2.0	6157.0	1.0	4666.5	11.000000000000004	1.0
CD5	3.0	2.0	1396.9999999999989	2.0	44.0	8.999999999999998	1.0
CD52	2.0	2.0	6474.5	1.0	3684.9999999999995	16.999999999999996	97.0
CD53	2.0	2.0	7934.999999999998	1.0	15783.000000000004	11.000000000000004	1.0
CD6	8.0	2.0	2710.499999999999	1.0	25.00000000000001	1.0	14.5
CD68	39.999999999999986	487.5000000000002	307.9999999999999	1990.5	32224.00000000003	8.999999999999998	1559.4999999999995
CD69	2.0	83.49999999999999	3782.999999999999	1.0	45.5	64.0	1.0
CD7	3.0	2.0	622.5	2.0	57.50000000000001	1.0	6.0
CD79A	3.0	4.0	710.0000000000002	5.000000000000001	15.000000000000002	1.0	6.0
CD79B	2.0	12.000000000000004	1130.4999999999998	1.0	42.0	1.0	1.0
CD86	1.0	2.0	117.50000000000003	1.0	1847.5000000000005	8.999999999999998	1.0
CD93	20.000000000000004	17064.0	70.5	7.5	3085.499999999999	11.000000000000004	1.0
CD96	8.0	2.0	1492.9999999999993	5.5	8.0	11.000000000000004	528.5000000000002
CDH1	277.0000000000001	2.0	20.000000000000004	3.0	8.999999999999998	14196.999999999998	9.999999999999998
CDH11	2526.0000000000014	527.5000000000001	1.0	11755.500000000002	3.0	1.0	4672.5
CDH2	6047.999999999997	993.9999999999999	4.0	12857.00000000001	8.999999999999998	1.0	1146.4999999999995
CDH3	2040.0000000000011	1.0	6.0	2.0	2.0	1.0	20.0
CDH5	17.999999999999996	17443.0	1.0	60.500000000000014	8.0	1.0	3.5
CDH6	74.00000000000001	12.000000000000004	1.0	1474.0	2.0	1.0	580.5
CDO1	115.00000000000004	18.499999999999996	2.0	23.000000000000004	2.0	1.0	4011.9999999999973
CDR1	105.00000000000004	3.0	1.0	870.9999999999998	1.0	1.0	3966.999999999998
CDR1-AS	89.0	2.0	1.0	856.5000000000001	1.0	1.0	3952.4999999999973
CEMIP	140.99999999999991	32.5	45.0	37288.99999999999	59.500000000000014	1.0	1458.5000000000005
CEP57L1P1	37.00000000000001	31.499999999999996	13.0	26.499999999999993	17.999999999999996	14406.999999999985	74.00000000000001
CGNL1	3186.000000000002	1285.4999999999998	2.0	66.0	4.5	1.0	73.5
CHI3L1	8.0	2.0	4.0	102.99999999999997	2017.500000000001	1.0	480.49999999999966
CHRDL1	20.000000000000004	1.0	1.0	3.0	1.0	1.0	11845.500000000004
CHRM2	1475.0	1.0	1.0	700.0000000000002	1.0	1.0	6.0
CHRM3-AS2	3.0	2.0	176.5	1.0	3.0	1.0	1.0
CHST13	3.0	2.0	2.0	1.0	253.0	1.0	1.0
CIDEC	1.0	1.0	2.0	1.0	3.0	1.0	29372.499999999985
CLDN11	16.0	2548.500000000001	4.0	5805.500000000002	8.0	1.0	1447.4999999999995
CLDN5	2.0	816.4999999999994	3.0	2.0	1.5	1.0	1.0
CLDN6	1338.0	1.0	1.0	2.0	2.0	1.0	4.5
CLEC10A	1.0	3.5	4.0	1.0	263.49999999999983	1.0	1.0
CLEC12A	2.0	2.0	16.0	1.0	1388.4999999999993	11.000000000000004	1.0
CLEC14A	1.0	4716.000000000001	1.0	59.500000000000014	1.0	1.0	1.0
CLEC4E	2.0	2.0	4.0	1.0	1133.5000000000005	1.0	1.0
CLEC5A	1.0	1.0	2.0	1.0	826.0000000000005	8.999999999999998	3.0
CLEC7A	1.0	2.0	20.000000000000004	1.0	6948.000000000002	8.999999999999998	1.5
CLMP	156.00000000000003	53.5	12.000000000000004	7039.5	37.00000000000001	8.999999999999998	12789.000000000004
CLSTN2	2015.999999999999	4.5	1.0	13.999999999999996	3.0	1.0	64.0
CNN1	1998.0000000000014	4.5	1.0	1104.5000000000005	3.0	1.0	497.4999999999999
CNTLN	368.99999999999994	397.4999999999998	22.0	331.4999999999999	459.9999999999996	54381.00000000006	386.0000000000003
COL11A1	1361.0000000000011	2.0	1.0	253.49999999999991	2.0	1.0	1964.500000000001
COL12A1	1415.9999999999993	1074.999999999999	2.0	38026.49999999997	3.0	16.999999999999996	13281.000000000004
COL15A1	90.0	2.0	3.0	606.9999999999998	9.499999999999998	1.0	6652.9999999999945
COL16A1	344.99999999999966	18.999999999999996	3.0	3386.000000000001	3.0	1.0	3737.0000000000027
COL1A1	14415.000000000005	20.0	11.000000000000004	214798.99999999974	30.5	1.0	100006.50000000009
COL1A2	8891.000000000002	431.0	3.0	389389.0	8.0	1.0	198702.99999999994
COL2A1	5501.000000000003	1.0	1.0	1.5	1.0	1.0	5.000000000000001
COL3A1	13740.99999999998	128.00000000000006	1.0	178567.0000000001	4.5	1.0	292109.5
COL4A1	8913.000000000002	15493.5	1.0	16078.999999999996	11.000000000000004	1.0	84080.5
COL4A2	6150.999999999999	14591.999999999995	2.0	13526.000000000007	41.50000000000001	1.0	54226.500000000015
COL4A5	3764.0000000000036	925.0000000000005	1.0	982.5000000000003	2.0	1.0	1061.4999999999995
COL4A6	1207.9999999999998	107.00000000000003	2.0	58.5	2.0	1.0	342.4999999999998
COL5A1	7065.000000000001	6377.500000000002	16.0	24960.0	8.0	1.0	30578.49999999999
COL5A2	3700.0	4426.500000000002	25.999999999999993	30666.499999999967	12.500000000000002	1.0	47627.500000000015
COL5A3	13.999999999999996	3.0	18.499999999999996	394.5	15.000000000000002	1.0	20059.50000000001
COL6A1	4605.999999999998	439.0000000000001	36.5	49163.999999999956	134.00000000000006	1.0	64337.000000000015
COL6A3	1006.9999999999995	11.499999999999996	54.00000000000002	113082.49999999997	24.500000000000007	1.0	51037.49999999999
COL8A1	399.0000000000003	4171.000000000001	1.0	4600.999999999999	4.0	1.0	7556.999999999996
CPA4	144.00000000000006	7.0	1.0	1283.9999999999998	2.0	1.0	331.9999999999999
CPE	2192.000000000001	61.0	2.0	490.0	11.500000000000004	1.0	2854.0
CPVL	527.0000000000005	7.0	21.000000000000007	1.0	2425.0	799.0	14.5
CR1L	1.0	2.0	8.0	1.0	43.0	37326.999999999985	1.0
CR2	2.0	1.0	151.5	1.0	2.0	8.999999999999998	1.0
CREB3L1	605.9999999999995	19.5	2.0	2762.0000000000005	4.0	1.0	739.9999999999998
CRYAB	1358.0000000000007	4.0	1.0	273.0	2.0	1.0	2325.499999999999
CSDAP1	119.99999999999994	256.0	33.0	76.5	113.5	39779.99999999998	334.5
CSF1R	9.999999999999998	4.0	59.500000000000014	13.0	11030.000000000002	1.0	13.999999999999996
CSF2RA	38.999999999999986	1.0	16.999999999999996	1.0	2911.999999999999	1.0	275.9999999999999
CSF3R	30.000000000000004	2.0	38.999999999999986	1.0	8377.500000000004	1.0	4.0
CSRP3	3235.9999999999995	1.0	1.0	1.0	1.0	1.0	1.0
CSTA	1.0	1.0	6.0	31.499999999999996	1804.4999999999995	8.999999999999998	102.99999999999997
CTA-363E6.6	1.0	1.0	1.0	1.0	1.0	59828.99999999998	1.0
CTA-373H7.7	7.0	2.0	466.5000000000001	9.999999999999998	11.000000000000004	1.0	9.999999999999998
CTB-113P19.1	92.99999999999997	143.50000000000006	2.0	1738.999999999999	16.999999999999996	1.0	3949.5000000000005
CTB-133G6.1	3.0	2.0	564.9999999999998	2.0	39.999999999999986	1.0	3.0
CTB-186G2.1	2.0	2.0	212.49999999999991	1.0	11.500000000000004	1.0	2.0
CTB-61M7.2	1.0	1.0	2.0	1.0	156.49999999999997	1.0	1.0
CTD-2033D15.1	223.99999999999994	3904.000000000002	3.0	6945.499999999996	27.999999999999993	1.0	1455.5000000000007
CTD-2033D15.3	200.00000000000009	3442.999999999998	4.0	8077.500000000002	21.500000000000004	1.0	1142.9999999999993
CTD-2587H24.4	253.00000000000003	3.0	1.0	3.0	1.0	1.0	5.000000000000001
CTD-3187F8.14	1.0	1.0	4.0	1.0	445.5	1.0	1.0
CTGF	2872.0	17132.499999999996	4.0	15606.0	3.0	1.0	4374.5
CTNNA3	1371.9999999999989	1.0	2.0	1.0	1.0	1.0	6.5
CTSE	4.0	2.0	1.0	1.0	2.0	3363.9999999999986	1.0
CXADR	1470.0000000000002	91.0	8.0	26.999999999999993	6.0	82.0	38.0
CXCL12	2887.000000000001	12.500000000000002	1.0	3154.000000000001	20.000000000000004	1.0	1761.500000000001
CXCR3	1.0	1.0	296.9999999999998	1.0	7.0	1.0	1.0
CXorf36	2.0	1105.5000000000002	2.0	1.0	1.0	1.0	1.0
CYBB	8.0	2.0	507.50000000000006	1.0	26982.0	2036.0000000000002	1.0
CYP27A1	140.99999999999991	122.00000000000004	7.0	194.99999999999994	5182.500000000001	1.0	207.49999999999997
CYR61	1778.0000000000014	8171.999999999992	2.0	19122.000000000004	5.000000000000001	1.0	1159.0
CYTIP	2.0	2.0	4772.999999999999	1.0	2896.500000000001	25.00000000000001	3.5
CYYR1	189.00000000000003	440.0	2.0	1.0	4.0	8.999999999999998	4.0
DCAF12	1193.0000000000011	1058.4999999999995	545.0	976.4999999999999	1531.5000000000005	521512.0000000001	1962.999999999999
DCN	132.00000000000009	13.0	1.0	20665.999999999985	3.0	1.0	11501.500000000004
DDAH1	1380.9999999999993	1718.0	4.0	4940.499999999998	8.999999999999998	1.0	2184.4999999999986
DDR2	555.9999999999998	1434.0000000000002	26.999999999999993	14227.000000000002	11.000000000000004	1.0	13198.500000000007
DKK1	220.9999999999999	865.0000000000001	1.0	1241.499999999999	2.0	1.0	136.49999999999997
DKK3	1775.999999999999	2688.499999999999	6.0	12829.999999999993	4.0	1.0	2628.9999999999986
DLEU2_1	6.0	8.999999999999998	11.000000000000004	5.000000000000001	17.999999999999996	9242.000000000004	5.5
DMTN	26.999999999999993	355.0	86.99999999999997	15.5	6.0	86825.9999999999	193.50000000000006
DNAJC6	1295.9999999999995	148.0	37.99999999999999	55.499999999999986	25.00000000000001	240552.99999999956	65.5
DPT	1.0	1.0	1.0	7.0	1.0	1.0	721.0000000000001
DPYSL3	12751.000000000007	4636.0	3.0	7296.499999999998	69.49999999999997	1.0	2906.499999999999
DSC2	1878.9999999999989	2.0	3.0	1.0	780.9999999999997	1.0	10.5
DSG2	5041.999999999999	2.0	11.000000000000004	78.49999999999997	5.000000000000001	52.999999999999986	47.50000000000001
DSP	14580.000000000005	12.000000000000004	7.0	1385.5	17.999999999999996	180.0	1743.4999999999998
ECSCR	8.999999999999998	4138.0	4.0	64.50000000000001	2.0	1.0	20.0
EDIL3	521.0000000000005	474.9999999999995	1.0	5204.999999999996	4.0	72.99999999999997	3217.9999999999977
EDN1	135.0	5389.500000000002	20.000000000000004	335.99999999999994	37.99999999999999	1.0	51.0
EDNRA	2405.000000000002	3.0	1.0	358.49999999999983	2.0	1.0	975.4999999999993
EFEMP1	150.99999999999997	36760.500000000015	1.0	19608.999999999985	3.0	1.0	2697.0
EFS	475.9999999999998	1.0	1.0	93.99999999999997	2.0	1.0	763.0
EGFL7	252.00000000000006	4162.500000000002	7.0	149.50000000000003	64.5	1.0	174.5
EGFR	500.0	230.50000000000009	1.0	6509.5	2.0	1.0	3684.500000000002
EHD2	988.9999999999995	3968.999999999998	3.0	8094.499999999998	11.500000000000004	1.0	8938.499999999996
ELN	8.999999999999998	8.0	2.0	757.0000000000002	2.0	1.0	4105.499999999998
EMCN	66.99999999999999	1612.000000000001	1.0	4.0	1.0	1.0	65.0
EMP2	2503.0	263.50000000000006	2.0	992.5	16.0	8.999999999999998	1151.4999999999995
EPB42	18.999999999999996	17.999999999999996	134.00000000000006	13.999999999999996	70.5	35070.999999999985	32.0
EPCAM	382.0000000000002	6.0	2.0	1.5	3.0	2523.000000000002	6.5
EPHA2	770.9999999999994	2810.499999999998	3.0	1294.5000000000002	8.999999999999998	1.0	353.9999999999999
EPHA7	683.9999999999998	5.5	1.0	2.0	1.0	1.0	11.0
ERBB4	1314.0000000000002	2.0	1.0	3.5	1.0	1.0	17.5
ERG	38.999999999999986	4656.500000000002	2.0	2.0	4.0	1.0	9.999999999999998
ESAM	33.0	3826.000000000001	35.99999999999999	4.5	8.999999999999998	1.0	5.000000000000001
ESM1	8.999999999999998	4279.000000000002	3.0	153.99999999999994	1.0	1.0	5.000000000000001
ESRP1	215.00000000000003	1.0	2.0	1.0	2.0	1.0	3.0
F13A1	1.0	2.0	8.999999999999998	1.0	1321.5000000000005	8.999999999999998	1.0
FABP4	2.0	182.0	1.0	5.0	97.99999999999996	1.0	193882.50000000006
FAM124B	2.0	1248.0000000000002	8.999999999999998	2.0	18.999999999999996	1.0	1.0
FAM159A	3.0	1.0	236.50000000000003	1.0	3.0	1.0	4.0
FAM189A2	559.9999999999997	117.99999999999997	1.0	2.0	2.0	1.0	13.0
FAM30A	1.0	2.0	209.00000000000009	1.0	4.0	8.999999999999998	1.0
FAM46C	79.00000000000001	20.000000000000004	2217.9999999999995	111.99999999999999	35.99999999999999	750694.9999999986	74.99999999999999
FAM65B	228.00000000000009	2.0	8615.5	8.0	818.4999999999994	8.999999999999998	32.0
FAP	3.0	20.500000000000007	1.0	5160.500000000003	7.0	1.0	2305.5
FAT1	9316.000000000002	330.99999999999994	4.0	16901.000000000007	4.0	1937.999999999999	11143.500000000002
FBLIM1	1274.9999999999986	2949.000000000001	2.0	3620.0000000000014	17.499999999999996	1.0	1647.999999999999
FBLN1	1232.0000000000005	16.5	2.0	3072.500000000001	4.0	1.0	4043.500000000001
FBLN2	492.0	46.0	35.99999999999999	3868.500000000002	6.0	1.0	16961.000000000007
FBN1	1112.9999999999993	4735.5	30.999999999999993	89502.00000000004	25.00000000000001	25.00000000000001	34202.0
FCAR	1.0	1.0	5.000000000000001	1.0	445.49999999999994	1.0	1.0
FCER1G	3.0	9.999999999999998	111.99999999999997	6.5	15082.999999999996	8.999999999999998	8.0
FCGR1A	5.000000000000001	1.0	3.0	2.5	1718.4999999999993	1.0	8.0
FCGR1B	1.0	1.0	2.0	1.0	719.4999999999998	1.0	4.0
FCGR1CP	1.0	1.0	2.0	1.0	557.5	1.0	2.0
FCGR2A	5.000000000000001	7.5	111.5	5.000000000000001	11632.999999999996	82.0	24.0
FCGR2C	1.0	2.0	135.0	2.0	3200.9999999999995	33.99999999999999	8.0
FCGR3A	1.0	1.5	92.99999999999999	1.0	12250.000000000007	32.0	3.0
FCGR3B	1.0	1.0	25.999999999999993	1.0	3292.500000000002	25.00000000000001	1.0
FCHO2	511.0	737.0	95.0	508.0	1749.5	195934.00000000006	686.4999999999995
FCMR	6.0	2.0	5726.5	24.500000000000007	205.99999999999994	1.0	2.5
FCN1	1.0	2.0	44.5	1.0	7313.999999999998	32.0	46.0
FCRL3	1.0	2.0	948.5	1.0	6.0	1.0	1.0
FERMT2	3184.999999999998	2250.500000000001	8.999999999999998	5980.999999999997	26.999999999999993	1.0	14179.499999999996
FFAR2	1.0	2.0	5.000000000000001	1.0	853.4999999999997	8.999999999999998	3.0
FGD5	39.999999999999986	3274.500000000001	4.0	8.0	45.0	1.0	11.000000000000004
FGF5	37.00000000000001	41.50000000000001	1.0	1782.0000000000005	2.0	1.0	146.5
FGFR2	935.999999999999	2.0	4.0	1.0	3.0	1.0	32.0
FGL2	15.000000000000002	2.5	364.0	195.5	9693.999999999995	16.999999999999996	27.999999999999993
FGR	1.0	5.000000000000001	790.0000000000002	1.0	14440.499999999993	8.999999999999998	628.5000000000002
FIBIN	74.00000000000001	1.0	1.0	694.9999999999995	1.0	1.0	950.9999999999997
FKBP10	2579.0	3123.500000000002	6.0	19819.50000000002	5.000000000000001	1.0	7234.000000000002
FLNC	10318.000000000002	2365.999999999999	3.0	12293.999999999985	20.000000000000004	1.0	3763.5
FLRT2	1914.999999999999	2413.0	2.0	1207.9999999999998	44.0	1.0	431.0000000000001
FN1	88584.99999999997	66767.50000000006	49.00000000000001	834252.0000000001	820.4999999999998	33.0	156740.49999999988
FNDC4	108.00000000000004	340.4999999999998	1.0	319.4999999999999	2.0	1.0	1987.5
FOLR2	1.0	1.0	4.0	1.0	285.99999999999994	1.0	1.0
FOXC2	70.0	473.99999999999983	1.0	103.0	1.5	1.0	101.99999999999997
FOXF2	3.0	1.0	1.0	337.0000000000001	1.0	1.0	14.999999999999998
FPR1	1.0	2.0	13.0	2.0	3600.5000000000005	8.999999999999998	6.5
FPR2	1.0	1.0	5.000000000000001	1.0	770.5	1.0	1.0
FPR3	5.000000000000001	1.0	2.0	1.0	1351.5000000000005	1.0	6.0
FRAS1	4767.000000000002	197.99999999999986	4.0	99.00000000000003	2.0	1.0	152.99999999999997
FREM2	2677.000000000002	1.0	1.0	1.0	1.0	1.0	5.000000000000001
FST	333.99999999999994	196.0	4.0	5250.0	6.0	1.0	414.00000000000006
FSTL1	12155.999999999993	15513.0	6.0	58501.0	18.999999999999996	1.0	78203.5
FXYD6	2317.000000000002	28.5	3.0	1.0	256.50000000000006	1.0	3.0
FZD4	776.0000000000006	4318.0	7.0	1637.9999999999995	13.999999999999996	1.0	17807.499999999993
GALNT5	232.99999999999991	1.0	2.0	3712.999999999999	2.0	4469.000000000002	626.5000000000002
GATA1	2.0	2.0	4.0	1.0	1.0	14515.999999999989	1.0
GATA4	2817.9999999999986	1.0	1.0	16.0	2.0	1.0	1.0
GATA6	1260.9999999999998	259.0	2.0	639.4999999999999	3.0	1.0	76.99999999999999
GATA6-AS1	487.99999999999955	14.5	1.0	20.000000000000004	1.0	1.0	6.5
GHR	108.00000000000004	18.999999999999996	1.0	55.0	2.0	1.0	1112.499999999999
GJA1	2758.0000000000014	4813.500000000002	1.0	12478.500000000004	6.0	1.0	5585.499999999998
GNG11	93.99999999999996	6370.499999999999	8.999999999999998	941.0000000000001	12.500000000000002	1.0	1040.0
GNG12	2806.999999999998	4585.0	2.0	8382.5	32.5	1.0	10466.500000000004
GPC3	2768.999999999999	1.0	3.0	1.0	7.0	1.0	107.00000000000004
GPC6	2750.9999999999986	2.0	1.0	1980.499999999999	3.0	57.99999999999999	3320.000000000002
GPD1	21.000000000000007	2.0	15.5	3.0	19.5	1.0	77363.99999999997
GPNMB	38.999999999999986	9.999999999999998	4.0	3008.5000000000005	2534.0000000000005	1.0	1867.0000000000005
GPR15	1.0	1.0	119.49999999999994	1.0	1.0	8.999999999999998	1.0
GPR171	3.0	1.0	216.00000000000003	1.0	5.000000000000001	1.0	1.0
GPR174	1.0	1.0	330.00000000000006	1.0	4.0	1.0	1.0
GPR176	230.00000000000009	734.5	2.0	7673.499999999997	8.0	138.99999999999994	1124.5
GPR4	4.0	360.49999999999983	1.0	109.0	1.0	1.0	2.0
GPR84	2.0	1.0	5.000000000000001	2.0	511.5000000000001	1.0	2.0
GPX8	1468.0000000000005	1382.0000000000002	1.0	4440.5	6.0	1.0	4835.5
GRAP2	5.000000000000001	2.0	1190.499999999999	2.0	12.000000000000004	2499.000000000001	4.5
GREM1	68.00000000000003	7.0	2.0	72654.50000000006	85.5	1.0	1513.5
GYG2	840.9999999999997	3.0	1.0	222.99999999999994	2.0	1.0	3538.499999999999
GYPA	1.0	1.0	1.0	1.0	1.0	79713.00000000013	1.0
GYPB	1.0	1.0	1.0	1.0	1.0	69074.9999999999	1.0
GYPC	448.9999999999998	97.0	1649.9999999999995	716.0000000000005	1100.0000000000002	707691.9999999991	4192.0
GYPE	2.0	3.0	22.0	23.0	3.0	12491.999999999995	65.5
GZMB	2.0	2.0	309.5000000000001	1.0	8.999999999999998	1.0	2.0
GZMH	1.0	2.0	153.5	1.0	3.0	1.0	1.0
H19	5524.999999999996	3.0	1.0	5.5	6.0	8.999999999999998	17295.999999999996
HAS2	465.99999999999983	9.999999999999998	1.0	1858.999999999999	2.0	1.0	1800.4999999999995
HBA1	1.0	2.0	26.499999999999993	1.0	4.0	141713.99999999983	4.5
HBA2	1.0	2.0	35.5	2.0	5.000000000000001	728839.9999999997	5.000000000000001
HBB	1.0	2.0	43.0	1.0	5.000000000000001	26672.000000000015	2.0
HBG1	1.0	2.0	2.0	1.0	2.0	10152.000000000013	2.0
HBG2	6.0	3.0	5.000000000000001	4.0	3.0	3631.0	4.0
HBM	1.0	1.0	1.0	1.0	1.0	10191.000000000007	1.0
HBQ1	3.0	2.0	2.0	2.0	1.0	3541.0000000000005	4.0
HCK	2.0	2.0	127.49999999999999	1.0	13691.000000000011	8.999999999999998	1.0
HCN4	2854.0000000000023	1.0	1.0	1.0	1.0	1.0	8.0
HEMGN	1.0	2.0	18.999999999999996	1.0	1.0	531448.999999999	1.0
HEPH	3183.9999999999977	11.500000000000004	2.0	1569.4999999999989	4.0	1.0	943.0
HHIP	76.99999999999999	11989.499999999996	2.0	193.0	2.0	1.0	27.999999999999993
HHIP-AS1	23.000000000000004	1367.4999999999995	2.0	66.0	1.0	1.0	17.0
HIST1H2BM	3.0	2.0	3.0	7.0	2.0	1840.0000000000007	3.0
HK3	1.0	2.0	26.999999999999993	1.0	9651.999999999993	8.999999999999998	1.0
HLA-DRA	1.0	2.0	4924.0	1.0	26354.000000000007	43.0	1.0
HMGA2	4771.999999999998	1602.000000000001	3.0	2765.0	11.000000000000004	223.99999999999994	526.0000000000001
HOOK1	1001.0000000000007	2.0	347.9999999999997	1.0	3.0	1703.0000000000005	5.000000000000001
HRASLS5	2.0	1.0	3.0	1.0	1.0	43.0	1744.0
HRC	946.0000000000006	1.0	1.0	2.0	2.0	1.0	2.0
HS6ST2	570.0000000000003	17.999999999999996	2.0	1.0	2.0	1.0	5.000000000000001
HSPB7	8573.999999999998	1.0	2.0	275.50000000000006	12.000000000000004	1.0	307.5
HSPB8	1169.000000000001	205.99999999999994	1.0	777.9999999999995	2.0	1.0	1927.4999999999995
HSPG2	4948.000000000002	47281.000000000015	117.00000000000001	9584.999999999998	75.00000000000003	25.00000000000001	16427.999999999978
HTRA1	1644.0000000000005	1440.5000000000005	2.0	3084.499999999998	152.00000000000006	1.0	13519.500000000011
ICOS	1.0	1.0	248.50000000000003	1.0	4.0	1.0	1.0
IFI30	39.999999999999986	35.5	791.4999999999997	415.5000000000001	65026.00000000004	25.00000000000001	209.49999999999994
IFIT1B	3.0	2.0	1.0	2.0	5.000000000000001	46474.000000000065	2.0
IGF2	12132.99999999999	189.5	2.0	256.4999999999999	7.0	921.0000000000006	410.5
IGF2BP1	4292.0	1139.9999999999993	2.0	301.5	5.000000000000001	1.0	676.5000000000002
IGFBP3	921.0000000000006	133.50000000000006	16.999999999999996	24488.499999999985	5.000000000000001	1.0	5484.999999999998
IGFBP5	3969.000000000002	10.5	1.0	42691.000000000015	3.0	1.0	53458.00000000003
IGFBP6	117.00000000000001	86.49999999999999	3.0	4184.500000000001	20.000000000000004	1.0	1350.9999999999995
IGHA1	1.0	1.0	350.49999999999983	1.0	8.0	1.0	3.0
IGHA2	1.0	1.0	112.99999999999994	1.0	3.0	1.0	1.0
IGHD	1.0	2.0	227.9999999999999	1.0	4.0	1.0	1.0
IGHG1	1.0	1.0	256.50000000000006	1.0	5.000000000000001	1.0	1.0
IGHG2	1.0	1.0	165.5	1.0	4.0	1.0	1.0
IGHG3	1.0	1.0	111.99999999999997	1.0	3.0	1.0	1.0
IGHM	1.0	2.0	2505.000000000001	1.0	23.000000000000004	16.999999999999996	1.0
IGKC	3.0	2.0	860.0000000000001	1.0	20.000000000000004	22.0	1.0
IGLC1	1.0	2.0	118.49999999999999	1.0	3.0	1.0	1.0
IGLC2	1.0	2.0	235.5	1.0	4.5	1.0	1.0
IGLC3	1.0	2.0	155.0	1.0	3.5	1.0	1.0
IGLL5	1.0	2.0	135.5	1.0	3.0	1.0	1.0
IGSF3	3591.000000000002	43.0	9.999999999999998	13.999999999999996	25.999999999999993	8.999999999999998	16.999999999999996
IGSF6	21.000000000000007	4.0	41.0	8.999999999999998	6395.0	8.999999999999998	8.0
IKZF1	8.999999999999998	2.0	10049.999999999996	1.0	3907.000000000001	4804.999999999996	1.0
IKZF3	5.000000000000001	2.0	6085.499999999999	1.0	16.999999999999996	8.999999999999998	2.0
IL17RD	1008.9999999999991	47.5	1.0	141.0	4.0	1.0	84.49999999999999
IL1RL1	8.999999999999998	3799.0	7.0	5.000000000000001	4.0	1.0	3.0
IL1RN	2.0	2.0	20.000000000000004	3.5	6695.999999999998	1.0	3.0
IL24	2.0	2.0	1080.9999999999995	18.499999999999996	34.0	1.0	1.0
IL2RA	1.0	1.0	731.0000000000001	1.0	20.500000000000007	1.0	1.0
IL2RB	16.0	2.0	2190.5	7.5	17.999999999999996	8.999999999999998	4.0
IL2RG	3.0	2.0	7509.000000000005	1.0	2563.5	1.0	1.0
INHBA	1430.0000000000007	842.0	5.000000000000001	7459.000000000005	54.500000000000014	1.0	765.9999999999998
IRF4	11.000000000000004	2.0	3094.5	1.0	168.49999999999997	1.0	7.5
ISLR	23.000000000000004	1.0	1.0	918.9999999999993	2.0	1.0	1418.999999999999
ISPD	86.99999999999997	37.99999999999999	15.5	64.5	9.999999999999998	31656.00000000002	166.50000000000003
ITGAL	2.0	2.0	7638.499999999996	3.5	5493.499999999999	25.00000000000001	14.5
ITGAM	2.0	2.0	691.9999999999998	1.0	10796.5	8.999999999999998	3.0
ITGAX	2.0	27.999999999999993	632.0	4.0	22533.500000000007	11.000000000000004	1.0
ITGB2	6.0	8.0	7961.999999999999	4.0	61967.0	105.00000000000004	15.5
ITGB7	12.000000000000004	5.000000000000001	5339.5	20.5	624.5	8.999999999999998	40.49999999999999
ITGBL1	8.0	93.99999999999996	1.0	2917.9999999999995	4.0	1.0	5568.999999999998
ITIH5	22.0	1.0	1.0	4.5	3.0	1.0	4474.500000000001
ITK	4.0	2.0	1708.0000000000005	1.0	15.000000000000002	16.999999999999996	1.0
ITLN1	9.999999999999998	2.0	1.0	1.0	5.000000000000001	2580.9999999999995	1.0
ITM2A	141.99999999999991	58.99999999999999	1107.0000000000005	2.5	8.999999999999998	16.999999999999996	1.0
JAKMIP1	4.0	1.0	107.50000000000003	1.0	1.0	1.0	1.0
JCHAIN	2.0	2.0	260.9999999999998	10.0	5.5	8.999999999999998	4.0
JPH1	605.9999999999995	13.0	1.0	3.0	2.0	1.0	4.0
JPH2	1236.0	1.0	1.0	44.000000000000014	2.0	1.0	91.99999999999997
KCNA3	1.0	1.0	888.0	2.0	33.5	1.0	1.0
KCNE3	6.0	14.5	8.0	21.000000000000007	1774.499999999999	8.999999999999998	177.5
KCNK2	5.000000000000001	1.0	1.0	621.0	1.0	1.0	519.9999999999997
KCNK3	141.99999999999991	1.5	1.0	3.0	1.0	1.0	914.4999999999998
KDR	830.0	6507.0	1.0	53.0	3.5	1.0	16.5
KEL	128.0	2.0	6.0	4.0	21.500000000000004	5282.999999999999	4.5
KIAA1462	869.0000000000001	2104.500000000001	3.0	1194.0	5.000000000000001	1.0	361.99999999999994
KIF14	358.0	396.50000000000006	49.999999999999986	205.0	27.999999999999993	55018.00000000004	22.5
KIF15	305.9999999999999	324.4999999999999	79.99999999999997	132.50000000000006	25.5	40794.00000000003	43.0
KIRREL	2716.0000000000014	1410.0	1.0	6657.500000000002	4.0	1.0	5439.500000000002
KLF1	2.0	2.0	3.0	1.0	8.999999999999998	11374.000000000004	1.5
KLHL4	629.0000000000003	486.0	2.0	25.00000000000001	2.0	1.0	16.999999999999996
KLRB1	3.0	1.5	230.00000000000009	1.0	5.000000000000001	386.99999999999994	1.0
KRT1	1.0	1.0	5.000000000000001	1.0	1.0	30212.000000000015	1.0
KRT19	2501.9999999999986	131.5	1.0	209.99999999999994	3.0	1.0	136.0
KRT8	9393.000000000002	587.0000000000002	15.000000000000002	1012.9999999999998	27.499999999999993	1.0	222.9999999999999
KRT8P3	1330.0000000000005	18.999999999999996	2.0	74.50000000000003	6.0	1.0	42.50000000000001
LA16c-390H2.4	7.0	5.000000000000001	206.49999999999994	1.0	4.0	1.0	3.0
LAD1	741.9999999999995	1.0	2.0	1.5	7.0	1.0	5.000000000000001
LAMA1	1029.9999999999998	3.0	1.0	1358.0000000000005	8.999999999999998	1.0	203.00000000000003
LAMA4	1541.9999999999989	11180.0	1.0	18982.49999999999	3.0	1.0	25912.499999999993
LAMB1	8004.999999999995	16528.499999999993	24.0	23974.999999999996	83.99999999999997	1.0	23399.5
LAX1	1.0	2.0	641.4999999999995	1.0	8.5	1.0	4.0
LCK	3.0	2.0	2961.499999999999	1.0	8.0	8.999999999999998	1.0
LDB2	101.99999999999997	1363.000000000001	3.0	424.0000000000001	2.0	1.0	378.9999999999999
LDB3	6962.999999999997	1.0	5.000000000000001	14.5	2.0	89.0	29.999999999999993
LEF1	602.9999999999998	3.0	1526.9999999999993	6.5	9.999999999999998	80.99999999999997	8.5
LGALS12	1.0	1.0	2.0	1.0	23.5	1.0	14912.999999999993
LILRA1	1.0	2.0	13.0	1.0	1349.9999999999998	1.0	1.0
LILRA2	1.0	2.0	26.999999999999993	1.0	2766.499999999999	1.0	1.0
LILRA5	1.0	2.0	8.0	1.0	2766.999999999998	1.0	1.0
LILRA6	3.0	3.5	17.999999999999996	2.5	3672.500000000001	1.0	4.0
LILRB1	1.0	2.0	310.0000000000001	1.0	3956.5000000000014	1.0	1.0
LILRB2	1.0	2.0	67.5	1.0	10261.499999999993	8.999999999999998	1.0
LILRB3	8.0	8.999999999999998	57.50000000000001	8.0	5771.499999999999	1.0	13.499999999999998
LILRB4	1.0	2.0	30.999999999999993	1.0	3282.000000000001	1.0	1.0
LILRB5	2.0	1.0	13.999999999999996	1.0	811.0000000000002	1.0	2.0
LINC00704	1.0	318.0	1.0	19.5	1.0	1.0	5.000000000000001
LINC00861	2.0	1.0	335.9999999999999	1.0	6.5	1.0	1.0
LINC01215	1.0	8.999999999999998	945.0000000000003	1.0	21.000000000000007	1.0	1.0
LINGO1	368.99999999999994	4.0	1.0	1.5	3.0	1.0	13.500000000000004
LIPG	92.99999999999997	1023.4999999999999	2.0	930.5000000000005	6.0	1.0	122.00000000000003
LOX	701.0000000000001	1411.4999999999995	9.999999999999998	31322.499999999996	16.0	1.0	4378.0
LPAR1	111.99999999999997	13.499999999999998	3.0	7395.500000000004	458.9999999999999	1.0	3209.9999999999986
LPL	50.999999999999986	3.5	3.5	1.0	371.9999999999997	1.0	80822.49999999993
LRRC10	911.9999999999998	1.0	1.0	1.0	1.0	1.0	1.0
LRRC15	11.000000000000004	2.0	1.0	1027.5000000000002	1.0	1.0	8.999999999999998
LRRC25	2.0	2.0	30.999999999999993	1.0	4087.499999999998	1.0	1.0
LRRN4CL	6.0	1.0	1.0	85.50000000000001	2.0	1.0	1558.9999999999995
LST1	4.0	16.5	212.9999999999999	2.0	6695.000000000004	1.0	1.0
LTA	3.0	4.0	452.99999999999983	1.0	12.000000000000004	1.0	1.0
LTB	8.0	28.499999999999993	4403.999999999998	2.0	231.5000000000001	1.0	3.0
LTBP1	6847.999999999998	2847.0000000000005	8.0	16522.5	5.000000000000001	11279.999999999996	3639.499999999998
LUM	562.0000000000002	8.999999999999998	1.0	2811.4999999999986	4.0	1.0	2523.0
LY9	1.0	2.0	1261.9999999999998	1.0	85.49999999999997	1043.0	1.0
LYZ	4.0	3.5	203.99999999999994	1.0	71920.50000000006	179.0	3.5
MAFB	47.00000000000001	160.99999999999997	24.0	8.999999999999998	7299.499999999996	8.999999999999998	377.99999999999994
MAL	3.0	1.0	246.49999999999994	1.0	2.0	328.0	1.0
MALL	18.999999999999996	1261.999999999999	2.0	57.00000000000002	5.000000000000001	1.0	63.50000000000002
MAP1B	6333.000000000001	5381.499999999999	13.0	15227.0	9.999999999999998	1.0	7742.000000000004
MAP4K1	13.999999999999996	5.000000000000001	2728.000000000001	4.0	88.5	1.0	16.5
MAPK4	549.0000000000001	1.0	1.0	1.0	1.0	1.0	7.0
MARCO	1.0	1.0	2.0	1.0	567.0	1.0	129.99999999999994
MASP1	532.0000000000005	5.000000000000001	1.0	1327.9999999999998	2.0	1.0	170.0
MB	867.0000000000007	1.0	1.0	1.0	1.0	1.0	8.999999999999998
MBNL3	138.99999999999994	131.99999999999994	1470.5000000000005	50.499999999999986	407.9999999999999	470090.9999999997	279.99999999999994
MBOAT2	1520.9999999999989	359.5000000000001	53.5	1492.0	298.99999999999994	404793.9999999994	739.4999999999995
MCAM	478.9999999999999	17582.499999999985	41.0	243.5	22.5	1.0	15077.499999999989
MECOM	217.99999999999994	1886.5	2.0	594.4999999999995	3.5	1.0	249.49999999999997
MEFV	2.0	2.0	13.999999999999996	1.0	770.9999999999998	11.000000000000004	5.000000000000001
MEG3	2.0	3642.500000000001	5.000000000000001	10754.499999999996	8.0	1.0	1445.5000000000005
MFAP5	32.0	5.000000000000001	3.0	1873.999999999999	13.999999999999996	1.0	5872.999999999997
MFRP	22.0	634.0	1.0	173.0	2.0	1.0	187.0
MID1	2341.999999999998	518.0000000000003	4.0	866.9999999999995	4.0	121.00000000000009	1550.999999999999
MIR100HG	1815.9999999999989	379.0	1.0	3507.0000000000005	4.0	1.0	1956.9999999999986
MME	250.0	394.9999999999998	17.999999999999996	4559.000000000001	238.9999999999999	1.0	57363.500000000015
MMP1	32.0	13963.499999999996	2.0	6510.999999999996	5.000000000000001	1.0	11.000000000000004
MMP10	8.999999999999998	422.9999999999999	1.0	24.5	2.0	1.0	2.0
MMP2	3362.0000000000005	8931.0	2.0	53306.00000000003	74.50000000000003	1.0	15272.999999999995
MMP3	4.0	4.0	1.0	326.4999999999998	1.0	1.0	1.0
MMP9	8.999999999999998	2.0	15.000000000000002	2.5	13257.0	1.0	3.0
MMRN1	6.0	17746.500000000007	22.0	1.0	1.0	16.999999999999996	1.0
MMRN2	42.000000000000014	3900.999999999998	16.999999999999996	50.999999999999986	25.999999999999993	1.0	155.5
MNDA	1.0	2.0	54.00000000000002	1.0	8385.499999999996	25.00000000000001	1.0
MORC3	819.9999999999997	838.9999999999998	1951.4999999999989	903.0000000000007	2180.5000000000005	883847.0	1214.5000000000005
MPDZ	3328.000000000001	1610.4999999999995	1.0	1821.4999999999995	3.0	1.0	1844.5000000000005
MPEG1	2.0	2.0	340.4999999999998	1.0	16295.999999999998	11.000000000000004	6.0
MRC1	3.0	8.999999999999998	6.0	1.0	931.5000000000003	32.0	3.0
MS4A1	1.0	2.0	913.4999999999997	1.0	9.499999999999998	1.0	1.0
MS4A4A	1.0	1.0	3.5	1.0	773.5000000000002	1.0	1.0
MS4A6A	2.0	33.5	17.999999999999996	1.0	4001.000000000001	1.0	1.0
MS4A7	1.0	2.0	52.000000000000014	1.0	3386.999999999998	11.000000000000004	4.0
MSI1	259.00000000000017	1.0	1.0	1.0	2.0	1.0	5.000000000000001
MSR1	2.0	13.999999999999996	5.000000000000001	26.5	1752.0	11.000000000000004	45.0
MUM1L1	683.0000000000006	1.0	1.0	2.0	1.0	1.0	51.499999999999986
MXRA5	536.0000000000006	1.0	1.0	858.5	2.0	1.0	639.0
MYCT1	21.000000000000007	3024.999999999998	2.0	463.0	1.0	8.999999999999998	2.0
MYH6	46452.99999999998	1.0	1.0	1.0	1.0	1.0	1.0
MYH7	19176.99999999999	1.0	1.0	1.0	2.0	1.0	1.0
MYL3	4054.9999999999986	1.0	1.0	1.0	1.0	1.0	42.0
MYL4	10902.000000000002	17.499999999999996	2.0	3.0	2.0	8606.999999999996	33.0
MYL7	25297.000000000025	1.0	1.0	1.0	1.0	1.0	1.0
MYLK3	2785.9999999999973	2.0	5.000000000000001	4.0	19.5	1.0	17.999999999999996
MYO1G	4.0	2.0	6029.499999999996	2.0	4540.499999999998	8.999999999999998	5.5
MYOCD	2600.9999999999986	1.0	1.0	1022.5000000000002	1.5	1.0	11.000000000000004
MYOZ2	1475.0	5.000000000000001	2.0	16.5	2.0	1.0	13.999999999999996
MZB1	3.0	2.0	244.5	1.0	2.0	1.0	1.0
NAV3	296.9999999999998	778.4999999999997	1.0	2358.999999999998	9.999999999999998	1.0	2815.499999999999
NCF1	1.0	2.0	458.9999999999998	2.0	7044.9999999999945	1.0	3.0
NCF2	12.000000000000004	5.000000000000001	348.9999999999997	29.0	24310.999999999985	16.999999999999996	11.000000000000004
NCR3	1.0	2.0	245.5000000000001	1.0	16.999999999999996	1.0	1.0
NEBL	19498.999999999985	31.0	6.0	4.0	3.0	8.999999999999998	38.0
NEIL3	111.99999999999997	92.5	20.000000000000004	79.5	11.000000000000004	144636.00000000015	18.499999999999996
NELL2	111.00000000000001	1.5	283.0000000000001	1.0	4.0	57.99999999999999	5.000000000000001
NES	4897.0	4660.999999999999	2.0	2283.4999999999995	46.00000000000001	1.0	160.49999999999994
NFAM1	12.000000000000004	2.0	33.99999999999999	1.0	7334.499999999996	1.0	6.5
NFE2	17.999999999999996	2.0	9.999999999999998	8.0	84.0	37130.000000000015	9.499999999999998
NFIB	1651.0	2397.000000000002	2.0	1968.4999999999995	2.0	1.0	987.9999999999995
NLRC3	30.000000000000004	72.99999999999997	2460.5	18.499999999999996	27.999999999999993	25.00000000000001	29.5
NNMT	12.000000000000004	1337.5	2.0	4541.500000000002	4.0	1.0	3584.000000000001
NOVA2	57.00000000000002	673.9999999999999	2.0	50.49999999999999	2.0	1.0	2.0
NOX4	46.00000000000001	391.4999999999998	1.0	191.99999999999994	1.0	1.0	34.0
NPL	49.00000000000001	22.5	86.0	24.000000000000007	6371.9999999999945	13536.0	43.0
NPNT	2712.0	2.0	2.0	2.0	2.0	1.0	13.499999999999998
NPPB	795.9999999999994	1.0	1.0	5.0	2.0	1.0	2.0
NPR3	169.0	6.0	5.000000000000001	3385.5000000000005	4.0	89.0	895.4999999999999
NR2F2	543.9999999999999	3938.4999999999995	1.0	2925.0	2.0	1.0	1015.4999999999998
NRXN3	98.99999999999999	28.499999999999993	2.0	266.4999999999999	2.0	3663.0000000000005	216.0
NTN4	191.0	2205.5	4.0	3758.499999999999	2.0	1.0	1212.499999999999
NUP210	860.0000000000007	14.5	8223.500000000002	4.0	1139.9999999999998	256.0	8.5
NUP62CL	66.0	1.5	20.000000000000004	1.0	3.0	6036.999999999998	2.0
NUPR1	17.999999999999996	20.0	2.0	1081.5	168.0	1.0	5550.999999999999
OR2W3	5.000000000000001	1.0	3.0	3.0	5.000000000000001	8618.999999999993	1.5
OSBP2	396.99999999999983	152.50000000000006	56.00000000000002	44.5	25.999999999999993	42406.000000000044	104.5
OSCAR	6.0	3.0	13.0	26.999999999999993	3106.499999999999	1.0	8.999999999999998
P2RX5	8.999999999999998	7.0	1243.4999999999995	54.500000000000014	42.000000000000014	1.0	18.499999999999996
P2RY10	1.0	1.5	1173.5000000000002	1.0	8.999999999999998	1.0	1.0
P2RY13	2.0	1.5	7.0	1.0	532.0000000000002	1.0	3.0
P2RY8	1.0	2.0	3970.500000000001	1.0	514.0000000000001	8.999999999999998	1.0
PADI2	55.000000000000014	2.0	13.0	1.5	1077.5	1.0	5.000000000000001
PALMD	32.0	1593.999999999999	1.0	31.5	3.0	49.999999999999986	4517.000000000003
PAMR1	32.0	2.0	1.0	3284.0000000000005	2.0	1.0	1084.4999999999995
PAPPA	474.9999999999995	56.5	6.0	27049.000000000015	3.0	8.999999999999998	4589.500000000002
PAPPA-AS1	115.00000000000004	14.5	2.0	5378.5	2.0	1.0	972.9999999999999
PAQR9	12.000000000000004	1.0	1.0	2.0	1.0	5650.999999999995	7.0
PARP15	2.0	34.0	1983.4999999999995	4.0	144.00000000000003	188.00000000000003	9.999999999999998
PARVA	1822.9999999999998	2090.999999999999	3.0	5720.0	8.999999999999998	1.0	8963.0
PCAT19	2.0	435.0	2.0	2.0	1.0	1.0	1.0
PCDH1	90.0	2652.5	6.0	232.49999999999983	6.0	328.0	15.000000000000002
PCDH10	207.99999999999994	2587.9999999999995	1.0	1814.9999999999995	2.0	1.0	178.99999999999997
PCDH18	359.0	30.5	2.0	2630.999999999999	2.0	1.0	8690.5
PCDH7	3837.0000000000005	362.5	1.0	1158.5000000000002	2.0	1.0	1230.4999999999998
PCDHA1	819.9999999999997	27.999999999999993	1.0	13.499999999999998	2.0	1.0	76.50000000000001
PCDHA10	952.9999999999995	34.5	1.0	20.0	2.0	1.0	75.5
PCDHA11	911.9999999999998	28.999999999999996	1.0	12.000000000000004	2.0	1.0	69.49999999999997
PCDHA12	884.0000000000001	28.499999999999993	1.0	12.000000000000004	2.0	1.0	65.5
PCDHA13	806.0000000000001	28.499999999999993	1.0	11.000000000000004	2.0	1.0	65.99999999999999
PCDHA2	832.9999999999994	29.5	1.0	13.0	2.0	1.0	75.0
PCDHA3	834.0000000000006	30.999999999999993	1.0	16.999999999999996	2.0	1.0	74.49999999999997
PCDHA4	971.9999999999997	33.0	1.0	15.000000000000002	3.0	1.0	75.5
PCDHA5	844.0000000000002	27.999999999999993	1.0	12.000000000000004	2.0	1.0	63.50000000000001
PCDHA6	911.0000000000003	28.999999999999996	1.0	15.000000000000002	2.0	1.0	78.5
PCDHA7	823.0000000000002	30.5	1.0	21.0	2.0	1.0	78.0
PCDHA8	821.0000000000002	27.999999999999993	1.0	12.000000000000004	2.0	1.0	68.5
PCDHA9	847.9999999999998	28.999999999999996	1.0	12.500000000000002	3.0	1.0	67.99999999999997
PCDHAC1	868.0000000000007	27.999999999999993	1.0	12.000000000000004	2.0	1.0	90.0
PCDHAC2	953.9999999999995	48.5	1.0	13.499999999999998	2.0	1.0	72.50000000000001
PCED1B-AS1	3.0	2.0	1622.4999999999993	3.5	174.50000000000006	239.9999999999999	2.0
PCK1	1.0	1.0	1.0	1.0	1.0	11.000000000000004	6995.999999999996
PCOLCE2	86.99999999999997	2.0	2.0	72.0	23.5	1.0	3328.000000000001
PDE3A	583.0000000000002	813.4999999999999	1.0	237.9999999999999	3.0	1.0	598.5000000000002
PDGFRA	2752.9999999999986	30.999999999999993	2.0	12228.999999999995	30.5	1.0	4245.499999999999
PDGFRB	267.0000000000001	17.999999999999996	27.999999999999993	6202.499999999999	21.000000000000007	1.0	10335.499999999998
PDLIM3	2427.999999999999	138.00000000000003	2.0	359.0	2.0	1.0	17.999999999999996
PDZK1IP1	1.0	3.0	2.0	2.0	2.0	17783.999999999978	5.000000000000001
PDZRN3	1045.0	2.0	1.0	1404.5000000000005	2.0	1.0	2642.999999999999
PEAR1	240.99999999999991	2489.5000000000005	5.000000000000001	1762.5000000000011	6.5	25.00000000000001	236.49999999999994
PHOSPHO1	3.0	13.499999999999998	35.0	6.5	306.5	46059.00000000001	3.0
PKDCC	766.0	38.999999999999986	3.0	1042.5	3.5	324.99999999999983	2619.0
PKP2	4457.999999999997	51.0	9.999999999999998	8.5	25.999999999999993	1.0	428.0000000000002
PLA2G7	3.0	2.0	2.0	1.0	2041.4999999999995	1.0	3.0
PLBD1	134.00000000000006	5.000000000000001	22.0	6.5	5152.500000000003	8.999999999999998	98.00000000000001
PLCXD3	1252.9999999999995	2.0	1.0	3.5	1.0	1.0	2.5
PLEK	2.0	5.000000000000001	2041.4999999999986	2.0	20436.499999999996	16.999999999999996	5.000000000000001
PLIN1	6.0	2.0	8.0	4.0	3.0	1.0	40612.500000000015
PLIN4	30.999999999999993	11.500000000000004	35.99999999999999	24.500000000000007	78.5	1.0	124075.5
PLN	13388.000000000007	2.0	5.000000000000001	14.5	6.0	1.0	3.0
PLOD2	3023.0000000000005	4905.000000000002	3.0	8654.5	15.5	416.0000000000001	8391.5
PLS3	9826.000000000005	9261.999999999996	8.999999999999998	8177.499999999996	21.000000000000007	1.0	5893.500000000001
PLSCR4	83.99999999999997	1575.0	1.0	1139.5000000000005	5.000000000000001	5671.999999999994	1468.999999999999
PLXDC2	791.9999999999994	17.499999999999996	34.5	116.00000000000006	6788.500000000004	116.00000000000006	16.999999999999996
POLE2	112.99999999999994	128.0	58.5	61.999999999999986	20.000000000000004	61861.00000000007	46.5
POSTN	985.999999999999	56.50000000000002	1.0	19399.500000000004	3.0	1.0	3875.999999999998
POU2AF1	1.0	2.0	506.5	1.0	3.0	1.0	1.0
PPARG	37.99999999999999	14.5	5.000000000000001	227.0	101.99999999999997	1.0	7071.0
PPP1R14C	1827.0	1.0	2.0	7.5	12.000000000000004	1.0	16.5
PPP1R16B	7.0	1761.999999999999	4638.5	1.0	79.5	1.0	2.0
PPP1R1B	32.0	1.0	4.0	2.0	3.0	1.0	3088.500000000001
PPP1R3C	1765.9999999999993	47.00000000000001	1.0	1475.9999999999993	2.0	1.0	1130.0
PQLC2L	2.0	25.00000000000001	1.0	90.99999999999999	1.0	1.0	1168.9999999999993
PRAM1	5.000000000000001	2.0	43.0	2.0	1842.4999999999986	1.0	21.500000000000004
PREX2	115.00000000000004	1297.999999999999	1.0	2.0	3.0	1.0	3.0
PRF1	4.0	2.0	721.5000000000005	1.0	11.000000000000004	11.000000000000004	1.0
PRKAA2	1076.0000000000007	74.00000000000001	1.0	82.5	1.0	1.0	170.0
PRKCB	70.0	3.0	6618.5	1.0	4310.0	43.0	1.0
PRRX1	121.00000000000009	24.999999999999996	1.0	5449.999999999996	2.0	1.0	5146.499999999999
PRSS35	1380.9999999999993	3.0	2.0	15.5	3.0	1.0	82.99999999999999
PSG5	1.0	1.0	1.0	1411.0000000000005	1.0	1.0	2.0
PTAFR	6.0	16.0	102.99999999999994	6.0	10417.499999999996	1.0	5.000000000000001
PTGIS	472.9999999999997	93.49999999999997	2.0	2141.4999999999995	2.0	1.0	1610.9999999999989
PTN	1080.0000000000007	2.0	1.0	479.99999999999994	2.0	1.0	66.99999999999999
PTPRB	83.99999999999997	4093.5000000000023	13.0	586.0000000000002	4.5	1.0	11.500000000000004
PTPRC	2.0	2.0	25329.500000000007	1.0	23585.5	189.00000000000003	3.0
PTPRCAP	17.999999999999996	27.999999999999993	3598.5	9.999999999999998	140.00000000000009	1.0	19.5
PTPRD	3706.0000000000005	467.5000000000002	2.0	155.00000000000003	4.0	1.0	42.50000000000001
PTRF	3547.9999999999995	14431.999999999985	12.000000000000004	23823.50000000002	60.500000000000014	1.0	38155.999999999985
PXDN	4265.0	12340.500000000004	13.999999999999996	24941.000000000015	5.000000000000001	1.0	20667.999999999993
PYHIN1	1.0	3.0	490.0000000000001	2.0	29.5	1.0	3.0
RAB3B	661.9999999999999	788.4999999999998	4.0	6105.999999999999	2.0	1.0	463.99999999999983
RANBP17	339.9999999999998	153.5	2.0	188.49999999999997	16.0	12250.00000000001	394.9999999999998
RASGRP1	203.99999999999994	13.999999999999996	3119.500000000001	73.99999999999999	74.50000000000003	16.999999999999996	43.5
RBM24	1597.0000000000002	38.999999999999986	2.0	253.0	2.0	1.0	234.5
RBM47	161.99999999999994	3.0	105.50000000000003	51.0	6465.000000000001	1.0	115.00000000000006
RBP4	4.0	1.0	1.0	3.0	8.999999999999998	1.0	12169.999999999996
RBPMS2	1166.0000000000005	38.499999999999986	6.0	8.5	3.0	1.0	19.0
RGS4	190.0	659.0000000000002	1.0	2980.0	2.0	1.0	1313.5000000000005
RGS6	44.0	2.0	8.0	1.0	2.0	2339.000000000001	1.0
RHAG	1.0	3.0	1.0	1.0	1.0	11028.999999999995	1.0
RHOH	2.0	3.0	2596.5	1.0	52.999999999999986	1.0	3.5
RHOJ	79.99999999999997	3970.5	1.0	1086.0000000000005	1.0	1.0	158.5
RHOT1P1	15.000000000000002	8.999999999999998	15.000000000000002	8.999999999999998	16.0	12491.999999999995	30.5
RHOT1P3	27.999999999999993	23.000000000000004	22.0	21.0	44.0	23717.0	85.0
RIC3	122.00000000000003	2.0	386.0000000000003	6.0	5.000000000000001	57.00000000000002	19.5
RMST	8.0	1.0	1.0	1.0	1.0	775.0000000000001	1.0
RN7SK	215.00000000000003	24.0	286.9999999999999	4630.500000000002	508.0	1314397.9999999981	43202.99999999998
RN7SKP203	5.000000000000001	2.0	20.000000000000004	6.5	21.0	86092.99999999993	5693.5
RN7SKP71	12.000000000000004	3.0	48.0	13.0	66.99999999999999	80371.99999999985	22768.0
RN7SL1	527.0000000000005	187.49999999999994	257.9999999999998	10095.999999999996	2047.500000000001	8.074629799999994E7	431752.49999999965
RN7SL128P	5.000000000000001	2.0	7.0	5.000000000000001	41.49999999999999	11493.00000000001	85292.50000000003
RN7SL144P	1.0	1.0	1.0	1.0	2.5	1279.0000000000002	112.5
RN7SL151P	1.0	1.0	2.0	2.0	3.0	4885.000000000002	287.49999999999994
RN7SL2	680.9999999999995	227.49999999999991	265.5000000000001	7189.499999999998	2303.9999999999995	9.642640599999991E7	206123.5
RN7SL230P	2.0	1.0	2.0	1.0	4.0	3072.999999999999	104.49999999999997
RN7SL296P	1.0	1.0	2.0	1.0	5.000000000000001	2275.000000000001	435.49999999999994
RN7SL3	49.999999999999986	42.000000000000014	61.000000000000014	828.0	423.0	6185293.000000011	218320.49999999997
RN7SL396P	2.0	2.0	3.0	4.0	28.499999999999993	916471.9999999987	14318.0
RN7SL408P	1.0	1.0	1.0	1.0	2.0	1605.0000000000007	42.5
RN7SL494P	1.0	1.0	2.0	1.0	4.0	3209.0000000000023	23.0
RN7SL4P	55.000000000000014	21.500000000000004	128.0	83.5	445.0	5767660.999999989	382199.9999999999
RN7SL507P	1.0	1.0	1.0	1.0	2.0	911.0000000000003	270.5
RN7SL508P	1.0	1.0	1.0	1.0	1.0	927.0	33.0
RN7SL521P	2.0	2.0	4.0	2.0	4.0	2131.999999999998	127.49999999999999
RN7SL564P	1.0	1.0	1.0	1.0	4.0	2336.9999999999995	68.0
RN7SL5P	128.0	77.49999999999999	134.00000000000006	166.49999999999994	780.0000000000003	2.1803594000000034E7	219411.49999999994
RN7SL664P	1.0	1.0	2.0	1.0	4.0	2363.0000000000014	144.49999999999994
RN7SL665P	1.0	1.0	2.0	1.0	7.0	4150.999999999999	362.4999999999999
RN7SL674P	6.0	2.0	3.0	4.0	25.999999999999993	25638.000000000007	8865.499999999998
RN7SL732P	1.0	1.0	2.0	1.0	5.5	1661.0000000000007	169.0
RN7SL736P	1.0	1.0	2.0	1.0	2.0	2435.000000000001	298.5
RN7SL752P	2.0	2.0	2.0	2.0	6.0	12689.000000000002	268.0
RNA5S9	1.0	1.0	1.0	1.0	2.0	4730.000000000001	1.0
RNASE1	49.00000000000001	1246.5	2.0	3.0	1602.999999999999	1.0	1.0
RNASE6	3.0	8.0	111.00000000000001	1.0	2246.0	1.0	1.0
RND3	806.0000000000001	1408.9999999999995	1.0	8497.000000000004	41.0	1.0	3491.0
RNF150	2313.000000000001	9.999999999999998	2.0	178.0	6.0	1.0	2933.5
RNF182	50.999999999999986	54.00000000000002	1.0	146.5	1.0	1335.9999999999998	75.5
RNU1-1	3.0	4.0	8.0	7.0	15.000000000000002	507332.0000000001	549.5
RNU1-27P	1.0	2.0	4.0	7.0	7.5	43832.99999999999	20.5
RNU1-3	2.0	2.0	4.0	3.0	5.000000000000001	5745.000000000004	48.5
RNU6-9	2.0	2.0	2.0	3.0	2.0	1317.9999999999995	24.5
RNVU1-7	2.0	3.0	9.999999999999998	6.0	19.5	77784.99999999987	6360.999999999996
RNY1	1.0	2.0	3.0	5.5	7.0	864163.9999999988	435.5000000000002
RNY3	1.0	1.0	2.0	2.0	2.0	4826.999999999999	49.5
RNY3P1	1.0	1.0	2.0	2.0	1.0	149886.00000000015	309.4999999999999
RNY4	1.0	1.0	2.0	2.0	2.0	67089.0	116.49999999999994
ROBO4	6.0	5557.499999999998	2.0	73.0	2.0	1.0	9.499999999999998
RP1-102G20.2	2.0	1.0	1.0	1.0	2.0	15938.000000000005	3.0
RP1-121G13.3	35.99999999999999	18.999999999999996	20.500000000000007	18.499999999999996	28.999999999999996	11818.999999999996	79.5
RP1-47M23.3	1.0	1.0	166.49999999999997	1.0	3.0	1.0	3.0
RP11-1143G9.4	2.0	2.0	63.50000000000001	1.0	22457.499999999978	52.999999999999986	1.0
RP11-115D19.1	283.0	396.50000000000006	5.000000000000001	4.5	52.999999999999986	336183.00000000047	11.500000000000004
RP11-162D16.2	2.0	2.0	5.000000000000001	2.0	7.0	2487.0	3.0
RP11-20D14.6	27.999999999999993	13.499999999999998	12.000000000000004	3.5	26.499999999999993	187193.00000000006	296.4999999999999
RP11-212I21.3	92.00000000000001	543.5000000000001	1.0	3098.500000000001	8.0	1.0	927.5000000000007
RP11-25K21.6	2.0	2.0	20.000000000000004	2.0	1225.4999999999998	11.000000000000004	3.0
RP11-284N8.3	2.0	1.5	1013.9999999999995	2.0	30.999999999999993	8.999999999999998	1.0
RP11-297C4.6	2.0	1.0	341.4999999999998	2.0	4.0	1.0	1.5
RP11-322E11.5	2.0	267.5	2.0	2.0	2.0	1.0	3.0
RP11-329A14.1	232.0000000000001	98.5	91.0	185.99999999999997	76.99999999999999	192825.99999999997	508.9999999999998
RP11-334E6.12	41.0	2.0	1.0	1039.9999999999995	2.0	1.0	1493.0
RP11-367J7.3	1.0	1.0	73.5	1.0	1.0	1.0	1.0
RP11-404P21.8	8.0	2.0	1.0	612.9999999999997	2.0	1.0	39.499999999999986
RP11-465L10.10	37.99999999999999	3.5	7.0	4.0	3180.499999999999	1.0	3.0
RP11-509J21.2	2.0	1.0	2.0	1.0	1.0	10297.999999999993	1.0
RP11-614O9.1	8.999999999999998	1.0	1.0	1.0	1.0	1.0	1491.5
RP11-664I21.5	1.0	256.4999999999999	1.0	4.0	1.0	1.0	1.0
RP11-664I21.6	1.0	375.4999999999998	1.0	3.5	1.0	1.0	1.0
RP11-678G14.3	5.000000000000001	1.0	2.0	1.0	4.0	12347.999999999989	1.0
RP11-702H23.6	2.0	5.000000000000001	3.0	4.0	396.0	1.0	41.0
RP11-758N13.1	1.0	1.0	1.0	925.9999999999993	5.000000000000001	1.0	28.5
RPL21P11	12.000000000000004	64.0	168.49999999999997	9.499999999999998	22.0	39758.99999999998	44.5
RPL21P39	150.00000000000006	59.500000000000014	50.999999999999986	8.500000000000002	20.000000000000004	28592.999999999964	27.000000000000004
RPPH1	48.0	13.0	70.0	122.0	188.50000000000003	3026484.0000000005	174201.00000000017
RTN1	13.999999999999996	9.999999999999998	6.0	16.999999999999996	936.5000000000007	1.0	18.999999999999996
RUNDC3A	13.0	3.0	7.0	5.000000000000001	12.000000000000004	13921.999999999985	7.5
RUNX3	15.000000000000002	2.0	5860.499999999995	2.0	2204.999999999999	8.999999999999998	3.0
RYR2	4361.0	1.0	3.0	1.0	2.0	1.0	1.0
S100A16	423.0	5264.000000000001	1.0	3723.0	16.999999999999996	1.0	4283.0
S100A8	4.0	2.0	23.000000000000004	1.0	5968.5	49.999999999999986	3.0
S100A9	1.0	2.0	79.5	1.0	29240.000000000007	66.0	4.0
SATB1-AS1	16.999999999999996	1.0	271.00000000000017	1.0	7.0	82.0	1.0
SCARA3	442.9999999999999	2145.0	1.0	1368.0	2.0	1.0	1980.0000000000005
SCD	10753.000000000013	4976.0	416.9999999999999	12378.999999999998	2006.0000000000002	66.0	1762748.5
SCDP1	71.99999999999999	47.00000000000001	8.0	147.00000000000003	28.999999999999996	1.0	46214.000000000015
SCML4	1.0	1.0	583.5000000000002	1.0	8.0	1.0	3.0
SDPR	30.000000000000004	5166.0	6.0	429.0	11.000000000000004	80.99999999999997	4174.999999999998
SELENBP1	347.9999999999997	135.5	2.0	415.99999999999966	7.0	79460.00000000013	5613.499999999998
SELL	9.999999999999998	110.00000000000003	10358.499999999996	4.0	1411.9999999999995	25.00000000000001	2.0
SEMA3F	391.9999999999998	1321.9999999999995	2.0	368.5000000000001	5.000000000000001	1.0	194.5
SEPT1	28.999999999999996	20.000000000000004	3557.0	28.5	75.5	25.00000000000001	37.00000000000001
SERPINA1	86.99999999999997	2.0	77.49999999999997	9.999999999999998	12503.000000000004	1.0	8.0
SERPINE1	516.0	55815.49999999996	8.0	117255.5	183.99999999999994	1.0	5124.499999999998
SFRP1	6322.0000000000055	217.9999999999999	1.0	7012.000000000002	2.0	1.0	6686.500000000004
SH2D1A	1.0	1.0	281.0000000000001	1.0	4.0	1.0	3.0
SHANK3	341.9999999999999	2011.0	4.0	93.5	17.499999999999996	1.0	287.0000000000001
SHE	12.000000000000004	1588.9999999999998	6.0	2.0	23.000000000000004	1.0	5.000000000000001
SHROOM4	207.0	1436.0000000000005	1.0	182.99999999999991	15.000000000000002	1.0	78.0
SIDT1	9.999999999999998	3.0	1104.9999999999995	2.0	46.50000000000001	1.0	3.0
SIGLEC1	1.0	1.5	4.0	1.0	3116.000000000002	8.999999999999998	5.000000000000001
SIGLEC14	1.0	3.0	30.5	1.0	1959.999999999999	1.0	1.0
SIGLEC5	1.0	2.0	26.999999999999993	1.0	1158.9999999999995	1.0	1.0
SIGLEC7	1.0	2.0	8.999999999999998	1.0	1374.0000000000007	1.0	1.0
SIGLEC9	1.0	2.0	23.000000000000004	1.0	2326.4999999999995	1.0	1.0
SIRPA	976.9999999999995	1526.4999999999993	56.50000000000002	1856.9999999999995	13264.0	1.0	445.00000000000006
SIRPB2	1.0	190.0	7.0	2.0	1399.5000000000002	1.0	2.0
SIT1	1.0	1.5	512.0000000000002	2.0	12.000000000000004	1.0	2.0
SIX1	21.000000000000007	8.999999999999998	1.0	259.5000000000001	1.0	1.0	2191.499999999999
SKA3	217.00000000000003	319.0	35.0	170.99999999999994	16.5	74812.00000000007	28.499999999999993
SKAP1	4.0	4.0	1082.4999999999993	1.0	8.0	237.0	10.000000000000002
SLAMF1	1.0	1.0	1341.0	1.0	44.5	1.0	1.0
SLAMF6	1.0	1.0	2188.0	1.0	123.0	8.999999999999998	1.0
SLC11A1	11.000000000000004	5.000000000000001	77.99999999999997	7.5	13917.0	8.999999999999998	32.0
SLC14A1	3.0	2.0	107.00000000000003	691.5000000000002	3.0	30839.000000000015	25.00000000000001
SLC25A37	1457.0	1456.0	1084.5000000000005	1238.5000000000007	2410.500000000001	1454024.0000000012	612.4999999999998
SLC4A1	1.0	2.0	3.0	1.0	2.0	135897.00000000003	1.0
SLC6A12	16.0	2.0	4.0	1.0	349.4999999999999	1.0	21.000000000000007
SLC7A2	1782.0000000000007	1185.9999999999998	1.0	1851.9999999999986	4.0	1.0	159.99999999999994
SLCO2B1	7.0	8.999999999999998	2.0	2.0	610.9999999999998	1.0	13.0
SLIT2	2329.0000000000005	575.4999999999998	1.0	2798.0	8.0	1.0	662.9999999999999
SMIM24	11.000000000000004	2.0	7.0	1.0	4.0	3940.0000000000014	1.0
SMIM25	1.0	1.0	8.999999999999998	2.0	3642.999999999998	1.0	18.499999999999996
SMPX	1887.9999999999993	1.0	1.0	1.0	1.0	1.0	1.0
SMTNL2	808.9999999999999	1.0	1.0	1.0	4.0	1.0	4.5
SMYD1	5153.999999999997	1.0	1.0	1.0	1.0	1.0	1.0
SNAI2	167.99999999999994	16.999999999999996	1.0	1982.0	2.0	1.0	710.0000000000002
SNCA	291.00000000000017	1413.5000000000002	11.000000000000004	13.0	200.50000000000006	1016248.0000000015	16.5
SOD3	54.00000000000002	1.0	1.0	161.49999999999997	2.0	1.0	1082.5000000000005
SORBS2	3953.0000000000023	601.0	4.0	103.00000000000003	2.0	1.0	48.00000000000001
SOX17	4.0	598.5	1.0	90.99999999999999	1.0	1.0	1.0
SOX6	317.9999999999999	8.0	16.999999999999996	29.499999999999993	20.000000000000004	186672.99999999997	81.49999999999999
SOX7	22.0	1716.4999999999993	16.0	3.5	4.0	1.0	8.0
SPARC	10605.999999999996	25082.0	17.999999999999996	131309.5000000001	1297.4999999999995	1.0	229521.99999999997
SPECC1	1431.0000000000011	283.0	212.49999999999991	1144.5	1810.499999999999	420532.9999999996	852.0
SPHKAP	895.9999999999998	1.0	1.0	1.0	1.0	1.0	1.0
SPI1	2.0	2.0	193.00000000000003	1.0	16819.0	1.0	1.5
SPOCK1	931.0000000000005	6099.999999999996	2.0	9152.5	13.999999999999996	1.0	7120.500000000003
SPOCK2	54.00000000000002	11.500000000000004	8518.999999999996	4.0	37.5	16.999999999999996	40.49999999999999
SPP1	184.99999999999997	2.0	3.0	24.999999999999996	3916.0000000000027	1.0	12.5
SPTA1	3.0	9.999999999999998	3.0	2.0	9.999999999999998	37754.99999999999	5.5
SPTB	564.0	15.5	34.5	19.5	73.5	26279.0	51.0
SRPX	434.00000000000034	2258.000000000001	1.0	3403.000000000001	8.0	1.0	4650.0
SRPX2	144.00000000000006	1693.5000000000002	2.0	1999.4999999999995	22.0	8.999999999999998	2683.999999999998
ST14	15.000000000000002	2.0	57.99999999999999	1.0	2141.5000000000005	1.0	1.0
STAB1	59.000000000000014	6293.5	33.0	101.49999999999996	10183.499999999995	1.0	82.5
STAP1	1.0	2.0	271.99999999999994	1.0	12.000000000000004	1.0	1.0
STC1	239.9999999999999	167.00000000000006	1.0	2983.0	2.0	1.0	220.99999999999986
STC2	1590.9999999999993	649.9999999999998	3.0	10764.5	4.0	1.0	1308.4999999999989
STIL	356.00000000000017	460.99999999999966	138.99999999999994	335.4999999999999	61.000000000000014	111941.99999999999	191.5
STRADB	629.0000000000003	329.5	349.99999999999966	612.5000000000002	294.5	354795.9999999997	1156.5000000000002
SULF1	670.9999999999998	464.4999999999999	1.0	12972.000000000007	4.0	1.0	2173.0
SVEP1	487.0000000000004	4.0	1.0	4991.999999999999	8.0	1.0	2795.999999999999
SWT1	189.00000000000003	147.5	203.99999999999994	101.49999999999996	276.9999999999999	293248.00000000035	245.5000000000001
SYK	3.0	2.0	629.5000000000002	1.0	8423.0	49.999999999999986	1.0
SYNPO2L	2105.0000000000005	1.0	3.0	8.999999999999998	4.0	1.0	2.0
SYT13	360.9999999999999	1.0	1.0	1.0	1.0	1.0	7.0
SYTL5	710.0000000000002	2.0	1.0	12.000000000000002	2.0	1.0	5.000000000000001
TACC2	1452.0	402.5	2.0	381.50000000000006	8.999999999999998	1.0	993.9999999999998
TAGAP	8.0	2.0	4364.999999999998	1.0	2132.4999999999995	16.999999999999996	6.0
TAL1	5.000000000000001	1317.5	5.000000000000001	1.0	6.0	19719.000000000015	5.000000000000001
TBC1D10C	74.00000000000001	3.0	4359.5	9.999999999999998	905.4999999999998	1.0	21.000000000000007
TBX2	197.99999999999986	1.0	1.0	686.4999999999998	2.0	1.0	522.5000000000002
TBX20	1152.9999999999995	2.0	1.0	27.000000000000004	1.0	1.0	1.0
TBX21	1.0	1.0	640.4999999999995	1.0	13.499999999999998	1.0	1.0
TBX3	362.00000000000006	41.0	1.0	2399.0	3.0	1.0	2179.0
TBX5	1198.9999999999998	1.0	1.0	212.99999999999994	1.0	1.0	73.0
TC2N	114.00000000000004	2.0	1452.4999999999998	5.000000000000001	13.999999999999996	16.999999999999996	17.999999999999996
TCL1A	1.0	2.0	94.49999999999997	1.0	2.0	1.0	1.0
TEAD1	5551.999999999999	913.9999999999995	4.0	7215.499999999995	5.000000000000001	1.0	5982.500000000001
TECRL	6677.000000000002	1.0	1.0	1.0	1.0	1.0	1.0
TEK	107.00000000000003	2349.500000000001	2.0	477.0	4.0	1.0	60.500000000000014
TENM3	2339.000000000001	287.5000000000001	1.0	791.4999999999999	2.0	1.0	2792.5
TERC	3.0	3.0	5.000000000000001	9.0	5.000000000000001	7024.999999999996	686.9999999999999
TESC	109.00000000000004	5.000000000000001	126.00000000000003	2.0	282.9999999999999	54503.00000000005	2.5
TESPA1	1.0	2.0	1583.0000000000005	1.0	13.999999999999996	334.9999999999998	1.0
TEX9	128.99999999999991	35.5	42.000000000000014	46.0	8.999999999999998	22783.00000000002	108.50000000000004
TFPI	578.9999999999997	5853.499999999995	4.0	3498.4999999999995	75.5	3582.0000000000014	1585.9999999999995
TFPI2	290.0	1495.9999999999998	3.0	5262.499999999998	8.0	1.0	427.49999999999994
THBS1	6530.000000000001	134664.0	64.0	231006.0	692.0	64.0	41746.50000000002
THBS2	41.0	18.999999999999996	12.000000000000004	32902.499999999985	22.5	1.0	9064.0
THEMIS	1.0	1.0	179.00000000000003	1.0	3.0	1.0	16.999999999999996
THRSP	2.0	1.0	1.0	2.0	2.0	1.0	38387.000000000015
THSD4	967.0000000000001	840.0	2.0	2608.500000000001	2.0	1.0	599.9999999999995
THY1	161.99999999999994	6.0	2.0	6372.0	3.0	1.0	6457.500000000003
TIE1	23.000000000000004	9058.499999999993	8.0	43.5	25.999999999999993	1.0	23.5
TIGIT	2.0	1.5	339.4999999999999	1.5	4.0	1.0	1.0
TIMP3	4534.000000000001	105.0	4.0	26542.49999999997	99.5	16.999999999999996	17474.50000000001
TIMP4	3.0	2.0	1.0	32.0	7.0	1.0	4183.999999999999
TINAGL1	232.0000000000001	3632.999999999999	1.0	152.50000000000006	3.0	1.0	62.499999999999986
TJP1	6183.999999999995	2435.999999999998	2.0	4763.999999999998	26.499999999999993	11.000000000000004	3145.0
TLR2	12.000000000000004	13.999999999999996	100.49999999999999	6.0	6824.000000000002	8.999999999999998	12.500000000000002
TLR4	30.999999999999993	1500.9999999999995	33.5	561.0	6128.0	8.999999999999998	45.0
TLR8	1.0	1.0	13.0	1.0	3063.000000000001	1.0	1.0
TM4SF1	406.00000000000006	9017.000000000004	2.0	3668.499999999998	11.500000000000004	1.0	200.5
TM4SF18	11.000000000000004	1143.0	1.0	1.0	1.0	1.0	8.5
TMC5	6.0	2.5	6.0	2.0	8.0	26223.99999999996	20.000000000000004
TMC8	16.0	5.000000000000001	6893.499999999997	2.0	1689.5	25.00000000000001	5.000000000000001
TMEM150B	1.0	1.0	3.0	1.0	496.9999999999996	1.0	6.0
TMEM176A	203.00000000000003	1.0	4.0	1.0	468.0	1.0	1.0
TMEM176B	171.9999999999999	1.5	7.0	1.0	1138.4999999999998	1.0	1.5
TMEM47	900.9999999999995	581.0000000000003	1.0	3229.5	3.0	1.0	2788.5
TMEM56	1024.0	7.5	12.000000000000004	11.000000000000004	2.0	577482.0	336.9999999999998
TMEM56-RWDD3	353.99999999999983	167.49999999999994	207.99999999999994	142.99999999999994	162.99999999999994	566202.9999999997	293.5
TNC	1367.9999999999995	14.5	3.0	17711.499999999993	33.99999999999999	1.0	1497.5000000000002
TNFAIP2	93.99999999999996	827.5	165.5	1413.0000000000007	25592.000000000004	1.0	1229.4999999999995
TNFRSF11B	46.00000000000001	17.999999999999996	1.0	3828.000000000001	3.0	1.0	258.0
TNFRSF13C	25.999999999999993	7.0	687.9999999999999	5.000000000000001	8.0	1.0	3.0
TNFSF18	5.000000000000001	643.5000000000002	1.0	12.000000000000004	6.0	1.0	9.499999999999998
TNNC1	4497.999999999998	1.0	13.999999999999996	6.0	2.0	1.0	12.500000000000002
TNNI1	13156.999999999978	1.0	1.0	1.0	4.0	1.0	3.0
TNNI3	655.0000000000005	1.0	1.0	1.0	1.0	1.0	1.0
TNNT2	21510.99999999999	1.0	1.0	1.5	3.0	1.0	11.500000000000004
TPBG	411.0000000000001	256.50000000000006	4.5	4810.500000000004	24.0	1.0	941.9999999999998
TRAC	5.000000000000001	24.000000000000007	3311.500000000001	8.0	15.5	8.999999999999998	3.5
TRAT1	1.0	1.0	294.5	1.0	3.0	1.0	1.0
TRBC1	2.0	33.0	2593.9999999999995	1.0	7.0	16.999999999999996	1.0
TRBC2	3.0	519.5000000000005	5441.000000000002	4.5	13.0	1.0	3.0
TRBJ2-3	1.0	8.0	103.99999999999997	2.0	1.0	1.0	1.0
TRBV29-1	1.0	1.0	92.5	1.0	1.0	1.0	1.0
TRDN	1617.9999999999998	1.0	1.0	1.0	1.0	1.0	1.0
TREM1	2.0	2.0	13.0	7.0	1096.5	1.0	4.0
TREM2	1.0	1.0	2.0	1.0	583.5000000000002	1.0	13.0
TRHDE	37.00000000000001	1.0	1.0	904.4999999999998	3.0	95.0	3085.999999999999
TRHDE-AS1	25.999999999999993	1.0	1.0	162.99999999999994	2.0	384.0	1759.000000000001
TRIM10	1.0	2.0	1.0	1.0	1.0	8982.999999999993	1.0
TRIM55	1279.0000000000002	1.0	2.0	54.500000000000014	2.0	1.0	9.999999999999998
TRIM58	46.00000000000001	4.5	13.999999999999996	15.5	33.99999999999999	85124.99999999994	5.000000000000001
TSKU	498.00000000000017	270.00000000000017	2.0	1047.4999999999995	29.5	1.0	9694.500000000004
TTC22	2.0	1.0	181.00000000000003	1.0	6.0	1.0	2.0
TUSC3	1774.9999999999998	497.50000000000006	2.0	3322.999999999998	2.0	1.0	1864.999999999999
TUSC5	1.0	1.0	2.0	1.0	1.0	1.0	1368.0
TWIST1	179.0	2.0	2.0	341.4999999999999	2.0	1.0	1420.5
TYROBP	1.0	2.0	89.5	1.0	24547.500000000007	8.999999999999998	1.0
Telomerase-vert	2.0	3.0	5.000000000000001	7.0	5.000000000000001	7017.000000000002	666.4999999999998
U1	1.0	2.0	2.0	2.0	2.0	2559.999999999999	102.49999999999997
UBASH3A	1.0	2.0	196.0	1.0	2.0	1.0	1.0
UNC45B	2554.999999999999	1.0	7.0	1.0	1.0	1.0	1.0
VEGFC	92.00000000000001	502.9999999999999	1.0	1787.4999999999993	3.0	1.0	187.5
VGLL3	128.0	144.50000000000006	1.0	3307.0000000000005	3.0	1.0	5167.500000000003
VN1R1	45.0	9.999999999999998	18.999999999999996	16.5	12.000000000000004	27827.999999999978	44.0
VSIG4	1.0	1.0	3.0	1.0	1413.9999999999998	1.0	1.0
VWDE	846.9999999999999	8.0	13.999999999999996	1.0	2.0	260.9999999999998	8.0
VWF	8.0	21724.500000000007	4.0	16.0	83.49999999999997	1.0	32.5
VWFP1	1.0	376.9999999999999	1.0	1.0	4.0	1.0	2.0
WNK2	823.0000000000002	1.5	6.0	1.0	13.0	1.0	2.0
WNT5A	1305.999999999999	26.499999999999993	2.0	3783.0000000000014	41.0	1.0	1523.4999999999995
WSCD1	41.0	779.4999999999998	3.0	15.5	2.0	1.0	47.5
WTAPP1	13.0	786.0	1.0	659.9999999999998	4.0	1.0	4.0
XIRP1	1828.9999999999989	1.0	3.0	3.0	3.5	1.0	1.0
XK	145.0	3.0	8.0	2.0	5.000000000000001	46188.99999999997	6.0
YAP1	4218.000000000003	864.5	2.0	6000.0	3.0	1.0	3986.0000000000014
YOD1	609.0000000000001	341.4999999999998	605.9999999999995	384.9999999999998	608.9999999999999	511593.0000000001	468.5000000000001
Y_RNA	1.0	1.0	2.0	2.0	1.0	106579.00000000013	44.999999999999986
ZAP70	13.999999999999996	2.0	2225.499999999999	3.0	20.000000000000004	1.0	5.000000000000001
ZC3H12D	6.0	2.0	1316.5000000000002	3.5	278.9999999999999	1.0	6.0
ZMYND15	3.0	5.000000000000001	9.999999999999998	4.0	517.9999999999998	1.0	6.0
ZNF521	846.9999999999999	1936.5	3.0	458.49999999999994	5.000000000000001	16.999999999999996	232.9999999999999
ZNF831	1.0	1.0	701.5000000000001	1.0	5.000000000000001	1.0	31.499999999999993
