Input-Sample	CMC	END	LYM	SMC	MAC	RBC	ADI	P-value	Pearson-Correlation	RMSE
SRR1392593	0.022811601130598477	0.07788910320912176	0.01463429334030632	0.3268318417114115	0.06214433717560682	0	0.4956888234329551	0	0.25597280255129845	0.9965662599494154
SRR1336593	0.042864609250258735	0.11268910060749239	0.025246616733176668	0.5697850817129936	0.2126065082669643	0	0.03680808342911427	0	0.6679145628251532	0.9954549013125519
SRR1435206	0.027470936365712496	0.10483759438042982	0.027323599007107305	0.5482172987290029	0.26170242273896266	0	0.030448148778784823	0	0.6551586270734818	0.9955375450333259
SRR1440541	0.0575918213880801	0.1253616667343701	0.02176531506258772	0.6883022242870431	0.0831572529200235	0	0.02379888355108329	0	0.47725797571365924	0.9964521920428189
SRR1095985	0.00583994472677605	0.12251100863188434	0.027097456360306825	0.5984769945292708	0.23805299918729864	0	0.00802159656446325	0	0.6501791330582729	0.9954088302829825
SRR1328073	0.0256712777579391	0.11491591372498239	0.015816954884945274	0.7585848951002778	0.08501095853185545	0	0	0	0.6731591772342221	0.9944796580069735
SRR1403072	0	0.05332223283421063	0.02418368712272372	0.2466297468329777	0.26765283260929523	0	0.4082115006007927	0	0.465504483782034	0.9945250893466213
SRR1338346	0.005418139751039778	0.11436800970497123	0.017304847694084524	0.771608228200085	0.08694337818688998	0	0.004329296880512797	0	0.6090526423584738	0.9949357921362847
SRR1357323	0.049089918118143464	0.11833323716238738	0.01910544322327521	0.49271288067562696	0.05943023546253307	0	0.2613282853580339	0	0.33585529246754076	0.9970103747084584
SRR1419476	0.04113977535015647	0.10336006564367782	0.02661009695735906	0.5080579956116714	0.21793133377717	0	0.10290073265996519	0	0.60080541856238	0.9958845759141982
SRR1384754	0.029585884407335915	0.09104291441371125	0.01780321843992543	0.6709815962353205	0.1259705706862122	0	0.0646158158174947	0	0.5627484797033273	0.9956986693809723
SRR1367761	0.011237341843131141	0.06245770624302912	0.015893595101780716	0.37378633570467606	0.09733245605435802	0	0.4392925650530249	0	0.3175085284673665	0.9960616448189765
SRR1120384	0.004518106956171215	0.0967955527776642	0.023757747819123057	0.4996769542661868	0.24062212543618833	0	0.13462951274466636	0	0.5851353425730766	0.9957259235470975
SRR1089713	0.012473795981783126	0.12958613146680542	0.022797767564912752	0.6413275586032555	0.17930958860221408	0	0.014505157781029105	0	0.7154200068864368	0.9947889403123945
SRR1311622	0.029876447443689887	0.10025784015358984	0.02264475690305751	0.6225843088211437	0.17790061375342678	0	0.04673603292509229	0	0.41466146554499383	0.9970791245179496
SRR1070308	0.00904006154894251	0.07904764276256264	0.013598112033021385	0.7478606167377566	0.0888605771227175	0	0.06159298979499943	0	0.6033360349990251	0.9949583684998721
SRR1320712	0.0338468997567515	0.13220434730455446	0.010827973924259658	0.7471639239449093	0.027367283618573924	0	0.048589571450951156	0	0.4229952716843422	0.9965758176737148
SRR1419062	0.011575428948298274	0.10771911200855802	0.023052393600029114	0.547694050294939	0.20133726213575118	0	0.10862175301242444	0	0.6492654136054461	0.9953126831267212
SRR1421420	0.022970008475465223	0.07858086205495246	0.017674759301169	0.49501209569167476	0.1658544800136142	0	0.2199077944631243	0	0.46779524003163836	0.996074941374392
SRR1071856	0	0.08922493270021647	0.030133445086910297	0.43632814319114077	0.321394720097246	0	0.12291875892448632	0	0.6048281474238004	0.9956816462744006
SRR820492	0.04787913690351387	0.08634594533370236	0.019373886636068233	0.5158469220284387	0.12470016200515321	0	0.20585394709312355	0	0.41969797210452514	0.9965862926934878
SRR1382591	0.006103454576692553	0.12582824565679865	0.02498499013392811	0.5845688475462577	0.1952189783547164	0	0.06329548373160648	0	0.6481480782596449	0.9954246617836496
SRR1358060	0.021854372518699153	0.048240809730549374	0.012926818604860182	0.29212181428045664	0.08539433818176399	0	0.5394618466836707	0	0.37598124325732096	0.9944537886376213
SRR1414749	0.022241279481409054	0.08134336341765507	0.019147107070923083	0.3874823211309296	0.16432484398182862	0	0.32546108491725456	0	0.3702303662185235	0.9963265141864468
SRR1347042	0.0054630711914185675	0.05577472084071108	0.011692225496093667	0.28277817908606023	0.08756966828107551	0	0.556722135104641	0	0.3349349557305679	0.9949528594463409
SRR1308086	0.045866290683350346	0.0929757155840116	0.013433436776653864	0.5688489254738348	0.09345470814225579	0	0.1854209233398935	0	0.3808539210957777	0.9969226142365398
SRR1084626	0.02831636995381835	0.09637031617407396	0.020178973537717776	0.5926868569027259	0.17626764442063594	0	0.08617983901102794	0	0.5636687078403226	0.995926957238348
SRR1387494	0.03291436047354711	0.11024696701641419	0.01768416370937957	0.6692240190161294	0.11499374754431232	0	0.05493674224021743	0	0.6427229645289696	0.9951257916207658
SRR821846	0.023511808691569717	0.06068632813498627	0.013458783156054564	0.30401268420201005	0.09046911175371065	0	0.5078612840616687	0.01	0.19907088085563168	0.9973389882906939
SRR821388	0.04968444921578882	0.19584235146629123	0.024523841104893758	0.6540439065653728	0	0	0.0759054516476535	0	0.4674003001071225	0.9965173934830713
SRR1472370	0.015205596228460481	0.09318626613522075	0.02828574280662477	0.4981159273237573	0.31385100352037365	0	0.051355463985563135	0	0.6461671912229405	0.995584514136441
SRR1471312	0.023369589569841864	0.07930854654860378	0.0128693629906529	0.4268644009840623	0.09063228573048618	0	0.3669558141763529	0	0.3807241410047206	0.9958079108118062
SRR1351521	0.009210610386978726	0.05321223877771043	0.010526337505233904	0.29100995812207336	0.04796109691965188	0	0.5880797582883517	0	0.5960069067851131	0.9902948648958891
SRR1072948	0	0.08746903160936963	0.023650248598070654	0.5774804198917359	0.251539412301381	0	0.0598608875994427	0	0.4541038151264859	0.9967894585077169
SRR808752	0.045202459210569694	0.10698371509678822	0.01925796176076942	0.6222405388895866	0.16687568043535728	0	0.0394396446069288	0	0.6224475405697417	0.9955638143170324
SRR1091622	0.07851162313393577	0.12455775534147272	0.027916102231964064	0.6116873650924566	0.06705066166678667	0	0.09027649253338423	0	0.3316194633976408	0.9976834402346042
SRR1500030	0.029756820193217206	0.09983984504756634	0.01605413975494987	0.5085516461963595	0.08657432334424724	0	0.25922322546365983	0	0.29325267950066175	0.9973942742782161
SRR1319485	0.01262626462886747	0.07309515673649705	0.014972397100442089	0.3780608351226786	0.10066065861837227	0	0.4205846877931425	0	0.31026033354772764	0.9962929148619503
SRR1351147	0.028459936596125276	0.07978018566533986	0.01213136250800687	0.5870534340434378	0.08355181838293545	0	0.20902326280415476	0	0.5417178324488813	0.9952326100779281
SRR1415487	0.02951881668995525	0.10972319614780525	0.02434885198134539	0.6091069050976814	0.17083029064976504	0	0.05647193943344771	0	0.5981254515705148	0.9957430999455118
SRR1456075	0.02933932098976341	0.102537873317094	0.01865787626855407	0.6732025293446651	0.1762265467810932	0	0	0	0.6843606774942613	0.9948512995145713
SRR1086280	0	0.0723575093076373	0.016563520213036816	0.3388334384561199	0.12939513815264486	0	0.44285039387056113	0	0.3210656516356893	0.9960203057194584
SRR1339880	0.24252536869603014	0.04457745208291729	0.009202907988839031	0.4901583994793339	0.08357398005522293	0	0.12996189169765673	0	0.3361666638512389	0.9978135055518219
SRR1315739	0.014516124562546152	0.08977025112686915	0.025121440717647714	0.41356795181416534	0.2825776055576312	0	0.1744466262211406	0	0.3469464493219305	0.9974648189736848
SRR1453127	0.026062564924030317	0.05676108553062231	0.015611295807885004	0.2610869103249437	0.10911188144385603	0	0.5313662619686627	0	0.44236315323429454	0.993549553989772
SRR1401317	0.03934902970993967	0.119997473178075	0.026128631885579706	0.5848726118317751	0.22878723938029696	0	0.0009	0	0.7209996130556817	0.9950260609415943
SRR1327473	0.03241959034077978	0.07393191796933928	0.014110969808722172	0.7638677560400805	0.10157151243130834	0	0.014098253409769982	0	0.7076513290860901	0.9941119594577779
SRR1416617	0.04044324352036261	0.10303103462132139	0.01785773090100733	0.5666651177347145	0.1083952451170084	0	0.1636076281055857	0	0.551693233847701	0.9956515474650275
SRR1403980	0.02031613123681128	0.0745870038295756	0.018300755261550117	0.35503287060222455	0.13060897335333635	0	0.4011542657165021	0	0.3263016746309111	0.9962642743311664
SRR1098405	0.0449369786198784	0.09718110376853628	0.016128772668119875	0.4037471036531299	0.08623937674754757	0	0.35176666454278793	0	0.31851681789550945	0.9966818481007006
SRR1435330	0.008859669135767247	0.07738776051759193	0.013061533835508904	0.41934377458731176	0.11061943368591678	0	0.37072782823790335	0	0.3328289272099197	0.996341124256136
SRR1480501	0.046534686688551534	0.09439862936287251	0.024929206027758524	0.4861061681154523	0.2400687850017103	0	0.1079625248036548	0	0.5740567053185225	0.9960853878575483
SRR1456274	0.006814578111415881	0.12629186933490033	0.017770435194589474	0.7288708276145265	0.12025228974456775	0	0	0	0.668720904367826	0.9946862447216389
SRR1395857	0.022415647261451253	0.0717793461287033	0.01187796942563384	0.43173293695543	0.06575070688709415	0	0.3964433933416874	0	0.34934757500202634	0.9959231274609611
SRR1420006	0.012300695238207258	0.058241269549261294	0.017921448000029386	0.2763328823207741	0.13557575223403226	0	0.49962795265769566	0	0.4897808093999194	0.9931931590088119
SRR1421262	0.01854106947597336	0.06308205252853424	0.017360669922767368	0.3010598102096633	0.12997895832394452	0	0.4699774395391172	0	0.3597859952649242	0.9953139528644175
SRR1392835	0.010927425576049534	0.0634115156218344	0.015332617055291601	0.32613121361995956	0.12109811555688042	0	0.46309911256998454	0	0.37487791442032947	0.9951429582894361
SRR1471243	0.025441235074743884	0.056033461285796435	0.011938683411255448	0.33125194902398536	0.09031314318560245	0	0.4850215280186164	0	0.35496129979964164	0.995221342576844
SRR1354553	0.01550097008100378	0.10448550437826333	0.017823742992098168	0.7025469875236978	0.15538014453068658	0	0.004262650494250385	0	0.6768976245007612	0.9947454235211296
SRR1339722	0.4369313049774503	0.07296954891715739	0.008708480910106162	0.45022047926157305	0.026501011498168622	0	0.004669174435544478	0.04	0.16112566179332358	0.9992917408126458
SRR1413584	0.033433138582218136	0.09163871542889031	0.016734382625171042	0.5378436054993355	0.09276938909542247	0	0.2275807687689625	0	0.4591043459700191	0.9959986798298179
SRR1076916	0.04275911972589962	0.11301361430703995	0.016615547769614457	0.6490853954043403	0.11746511622336768	0	0.06106120656973802	0	0.6954908688879909	0.9948096181874728
SRR1096736	0	0.12225917081548204	0.013113977546050915	0.8000687354084067	0.06455811623006026	0	0	0	0.6653817846696998	0.9942677349270023
SRR1074790	0.058226323594215146	0.07983123964135361	0.016988801242007454	0.7785181864384739	0.0634954636159627	0.0001	0.002825071373262343	0	0.6663963212277441	0.9944045353449472
SRR1394125	0.015605501416048027	0.0722344048537255	0.011691877379927666	0.43793473323393695	0.07576777038977896	0	0.3867657127265829	0	0.374114481417841	0.9956913767477785
SRR1098450	0.01136781134342704	0.11666139202999336	0.01600571914099022	0.5349026616260967	0.08656601652147912	0	0.23449639933801367	0	0.46709227675398746	0.9958730780677333
SRR1079404	0.002534957410747276	0.07954836958792208	0.013619930418988834	0.40933289527309824	0.08947283873201137	0	0.4054910085772322	0	0.32023285414529884	0.9962429552586163
SRR1500931	0.024885755339304053	0.08335461520976442	0.02817904302195718	0.43243389714699565	0.32148528474969645	0	0.1096614045322822	0	0.5888940569928424	0.9959205637705084
SRR1078465	0.020106343213366674	0.0690824497803824	0.012523556707967546	0.48079769796373234	0.08539832295108823	0	0.33209162938346276	0	0.35881357628702903	0.9962526625385711
SRR1479699	0.03645317128083769	0.11023000102222899	0.021387583651175403	0.6784882523690066	0.13416187423077014	0.001	0.018324959727245963	0	0.26250317308090815	0.9980293461845938
SRR1309403	0.03544403879789677	0.11884687325850607	0.017648855821330692	0.6847420848970897	0.10909821646341601	0	0.03421993076176076	0	0.671264639039654	0.9948901153473761
SRR1475885	0.021925393885698	0.09988029555202307	0.014941568461737434	0.7678980469735311	0.07996947760563336	0	0.015385217521377025	0	0.6941366298409299	0.9942068183124387
SRR1468469	0.017035598203888835	0.09254335562885156	0.022139760361316946	0.4603530608646378	0.19566548722459018	0	0.21226273771671458	0	0.4427686312936452	0.9964293103449211
SRR1105320	0.006502962218462775	0.09230343412589087	0.013340688169816376	0.5989899373304552	0.0625465751628236	0	0.22631640299255112	0	0.5577585808232723	0.994859695770052
SRR1485380	0.004383494165656924	0.07740432503534458	0.031099453590429812	0.36779260753318194	0.36641533748643706	0	0.15290478218894973	0	0.5202740123369509	0.9961477233055183
SRR1071313	0.012625839422419651	0.08595815701318128	0.015125382953125037	0.6968593798225349	0.14758010002429658	0	0.04185114076444257	0	0.7029344327192497	0.9944755485774821
SRR1340010	0.2526685484053197	0.07710355759607636	0.013099120611228806	0.4660050903006817	0.09670916878952261	0	0.09441451429717072	0	0.4493964265282573	0.9973197881297453
SRR1414079	0.019130153703329912	0.046076864484800056	0.011616915784989678	0.24725995352279495	0.05688197613534361	0	0.6190341363687418	0	0.5256412811107849	0.9911179449225554
SRR1472749	0.027948308609965875	0.1160856709590412	0.022042107778935654	0.5993481048500621	0.18107238491559674	0	0.053503422886398484	0	0.5560193940524522	0.9961012965628347
SRR1467792	0.029776611706968627	0.10448414152547193	0.026900166884120683	0.5641361251718996	0.22678550952188933	0	0.04791744518964977	0	0.6612080492370864	0.9954487750320765
SRR1417588	0.028359382524387775	0.05344161577618345	0.013054877129431852	0.2506109153387738	0.08669485950735893	0	0.5678383497238642	0	0.865804418905337	0.9862894268172101
SRR812036	0.047483362743943075	0.10691585771423771	0.02336012179133263	0.6139906424979732	0.17507576662717925	0	0.033174248625334156	0	0.655983537565839	0.995373569816544
SRR1360420	0.11340855485530106	0.0975323562544517	0.01709468675173029	0.4888797073807451	0.15427662300665967	0	0.12880807175111214	0	0.3594317533954878	0.9976281180059176
SRR1487993	0.00920236995375156	0.1511085154374582	0.028478215555940694	0.6314126073149571	0.13523100215390324	0	0.044567289583989214	0	0.4042717118870155	0.9971715861379471
SRR1421444	0.23269640797525906	0.06149445848407657	0.012621969681223574	0.30339644708406116	0.11280398356511266	0	0.27698673321026696	0.06	0.10777409674373657	0.9992456082115375
SRR661278	0.13278103202566555	0.10060731564724855	0.015403032102710285	0.550033648980411	0.14935429453713084	0	0.051820676706833865	0	0.5016652736585958	0.9967896336819974
SRR1098312	0.09660945758215578	0.11147971336872642	0.020368366932510207	0.6558125789153709	0.0940279808734309	0	0.02170190232780578	0	0.4948601207980599	0.996475232251446
SRR1476736	0.007385724396993121	0.1095235143686398	0.028141626136373814	0.5288601542760959	0.29751987125351326	0	0.028569109568384096	0	0.6160523727400877	0.9957890953994455
SRR808172	0.036168522158120366	0.10428311259082984	0.011599087825795171	0.7008661506552422	0.09026861263257353	0	0.056814514137438925	0	0.73700729653202	0.9941600615880057
SRR1349099	0.04860985243273536	0.09009977535844962	0.015620788195529436	0.7554957321114292	0.06920110006437755	0.0001	0.020895077004730818	0	0.6146067668441704	0.9949625665906038
SRR1350609	0.08742490365111258	0.08737702657725263	0.018448698317333707	0.6478489495081853	0.15890042194611576	0	0	0	0.6768208298507001	0.9951193973800921
SRR1446050	0.04998310912324383	0.10877884850468796	0.015151371604020426	0.7192401462399969	0.10058357729672056	0	0.006250600373926769	0	0.5778727106064853	0.9955058668109374
SRR1435982	0.028835274681865235	0.11487194059780094	0.011648297475187714	0.6912099071192268	0.07385766135300487	0	0.07957691877291438	0	0.6269136817077804	0.9950135868912463
SRR1068832	0.007644367367224724	0.07673272456132761	0.028432852521037045	0.4826869428424262	0.32150936578158457	0	0.08299374692639985	0	0.6272252078987125	0.9955972691980596
SRR1404555	0.05628184660425717	0.06243976140657038	0.012116445812334384	0.3127776139274239	0.06364504555716609	0	0.49273928669224804	0	0.49623228645510387	0.993150813946482
SRR1354071	0.015179447823077044	0.08886061394741139	0.017679605299120157	0.6470922428484878	0.22868213563413547	0.0025059544477682226	0	0	0.523644479861333	0.9948185050976793
SRR1417154	0.013457801390568527	0.05593150128445267	0.010471263294486237	0.2993156275060384	0.0752994392821159	0	0.5455243672423382	0	0.2947858467142862	0.9956619374795174
SRR1472057	0.025284476210599142	0.08577907454906128	0.02520253820121975	0.5164786704380706	0.26223928687687115	0	0.08501595372417813	0	0.6490664288068396	0.9954841769367363
SRR1081473	0.0008	0.11418672899347418	0.0219250330329341	0.6432463770980446	0.19780580805977174	0	0.02200345059776686	0	0.6898724919410851	0.994907000390862
SRR1406936	0.07416873585944814	0.0961569335705874	0.015968031888816656	0.5536938391789712	0.15131347374221502	0	0.10869898575996159	0	0.5980838127939162	0.9957632487826295
SRR1327933	0	0.11920168584669484	0.022193950583546264	0.4368269439591089	0.14836877458989045	0	0.27340864502075957	0	0.28195161418649756	0.9975190800692068
SRR1376228	0.01988559917464355	0.0512841252550932	0.013182375752359404	0.2994672052259579	0.09248257278812211	0	0.5236981218038238	0	0.34333777120423925	0.9950877143236105
SRR1362906	0.015651845715001854	0.10853633648694418	0.024400277495908868	0.5185526563872028	0.15317480598818642	0	0.17968407792675578	0	0.364815598651198	0.9972046228077226
SRR1315434	0.0856645442516217	0.07208513924723067	0.013074357081329493	0.41780494623404557	0.11031765667297112	0	0.30105335651280146	0	0.42106474467853355	0.9959973412622369
SRR1074116	0	0.06512149152137982	0.0362886005119539	0.28600442673625925	0.4028455655831738	0	0.2097399156472332	0	0.408094333459352	0.9966795187764788
SRR1091119	0.02234651225928544	0.11394067003962051	0.014926645901678316	0.7068539684907397	0.0980966328918425	0	0.0438355704168336	0	0.6359278745678738	0.9950027063990704
SRR1420169	0.038750183905555784	0.11244957915334938	0.030995600590517196	0.5470086817504269	0.2529754769865427	0.0004	0.01738008615955312	0	0.5361740987839381	0.9963768646149904
SRR1442800	0.02382424113849085	0.10115948720161183	0.010698836476292885	0.6075749773373493	0.050948751988129676	0	0.20579370585812545	0	0.4715258757075489	0.9958345944226087
SRR1367566	0.030435781155722177	0.1030791126419589	0.017790502201682542	0.46546479511973127	0.10499488189181648	0	0.2782349269890887	0	0.4707556720576818	0.9956167020058784
SRR1365791	0.013568620007752025	0.07978997772267594	0.012620292490702376	0.473015038164372	0.08513941098266191	0	0.3358666606318358	0	0.4008639027322407	0.9957700092298398
SRR1079330	0.00958587767280035	0.061217172716904356	0.010470734698337815	0.34712189396257115	0.06547401669398435	0	0.506130304255402	0	0.3849031976053464	0.9945751638067468
SRR1396166	0.03741349164219398	0.09179453324937865	0.017484113121193398	0.5250011915844165	0.1598087951193961	0	0.1684978752834214	0	0.47102184643939715	0.9963911438707372
SRR1090145	0.01910114166222578	0.06094624973436306	0.009186211793556975	0.8314830177201566	0.06691080036794442	0	0.012372578721753114	0	0.7441463829474074	0.993304231001473
SRR1441355	0.036201056188868035	0.057865463172640255	0.008939831676513627	0.3570599898476942	0.047926331542825974	0	0.4920073275714579	0	0.3027334222093809	0.9958863800098544
SRR1380231	0.03012324351546429	0.1010482658367213	0.019347464898498527	0.5036241743644279	0.16891436141474817	0	0.17694248997013992	0	0.5584972724570321	0.9956798451537302
SRR1073923	0.03753064125962744	0.09202978352334226	0.01462382012764053	0.7020902150875235	0.0996348783272569	0	0.054090661674609346	0	0.6487882684373908	0.9948862981492261
SRR1348839	0.02068487943199598	0.06669871728968578	0.02878050895894904	0.33283781380201527	0.3381928724572017	0	0.2128052080601522	0	0.47611925762915625	0.9961760892912205
SRR1102680	0.02604870873499218	0.09603292366763919	0.026757239812949595	0.48170449468462906	0.2671192532617686	0	0.10233737983802149	0	0.5647278279242219	0.9961299489328309
SRR1437035	0.029444863736792466	0.08548227476370478	0.0214595610425753	0.6593863923869919	0.20422690806993554	0	0	0	0.6900291520683721	0.9948398001142793
SRR1079189	0.015883294133928298	0.06537572949213878	0.009196801124934047	0.38226886259930815	0.057740176868180934	0	0.46953513578150985	0	0.3297956988453564	0.9956482491833701
SRR1093218	0	0.0638293350639116	0.012191390340917095	0.371519404964435	0.09135143947708242	0	0.46110843015365394	0	0.37896199983854145	0.9950516849023278
SRR813471	0.007501951537074431	0.06414258789744998	0.011096334671490715	0.3850751356244214	0.08079134504089941	0	0.45139264522866407	0	0.34999033921087375	0.995516575742728
SRR819583	0.008503459890967974	0.12002409269011435	0.026204781327514498	0.590043373030249	0.230937306851472	0	0.02428698620968215	0	0.7119202305507527	0.9949907716494624
SRR1362848	0.009330961065270146	0.11507398229563061	0.0176029590151042	0.699065796557257	0.094515424745094	0.0001	0.0643381447994672	0	0.44731730172740475	0.9965147799571928
SRR1317257	0.03493661502610267	0.10790798407722023	0.017482510801555384	0.580012303055492	0.11540667150753679	0	0.1442539155320929	0	0.3282490773645452	0.9975544464975882
SRR1327855	0.010546521439588242	0.08694551303937242	0.026745076948500087	0.46395558966733436	0.27745481248855286	0	0.1343524864166521	0	0.6170648597786196	0.99553737441415
SRR1089375	0.00318811104374908	0.09551850790299148	0.015908216083135217	0.7034356849907702	0.15528658554530164	0	0.0266628944340523	0	0.6805738127394234	0.994654079246757
SRR1088606	0.014492505381212871	0.12576002363840158	0.02531431129826274	0.6034653482261751	0.19728879195722018	0	0.033679019498727494	0	0.6620165169903212	0.9953363288904172
SRR1338195	0.0053621134044273405	0.05772056821917345	0.01266301085811668	0.25897902356181585	0.06302349865888521	0	0.6022517852975815	0	0.2375989103853538	0.9962493373872952
SRR1332928	0.017456145323951996	0.08500285183269311	0.027394843425434343	0.5394134623162015	0.26914500242448824	0	0.061587694677230805	0	0.6348636608055822	0.9955769019524682
SRR1093906	0.004939482158919043	0.05072764024175483	0.01264842899255369	0.24860141894499246	0.08009955247391597	0	0.602983477187864	0	0.8136118768679439	0.9863943406516698
SRR1360299	0.09947015519745749	0.08682449271502078	0.019070348521820768	0.512423462145049	0.13098962441180967	0	0.1512219170088423	0	0.4302478755834541	0.9969145849997555
SRR1091890	0.02111151506496402	0.0586883940192245	0.012180660245890753	0.29869861607602033	0.07521552061911357	0	0.5341052939747869	0	0.2465463583862556	0.9964875216469414
SRR1464517	0.01062427972103371	0.10822790267100067	0.029953906482244542	0.5587782520325133	0.22973266268765352	0	0.06268299640555416	0	0.5897724976883624	0.9959150951217003
SRR1472214	0.08370424172685609	0.11564404820753628	0.019541161396053996	0.49149477274870823	0.024508566853858934	0	0.2651072090669864	0	0.33645260999338195	0.9969795413150939
SRR1468553	0.03962840843663362	0.08123213330223539	0.017501068222641917	0.48449770240517254	0.1236966646894102	0	0.2534440229439064	0	0.4362552596968758	0.9961233311426527
SRR1079502	0.00127888451015933	0.11004213447917958	0.01997840799203681	0.6666811454488782	0.20135112931728885	0	0.0007	0	0.7139585901830806	0.9946008256866192
SRR1489092	0.013091474612511728	0.08692186392313007	0.015190408252480503	0.4919739246946936	0.12412873953152265	0	0.26869358898566137	0	0.4804322191561956	0.9955301597386577
SRR1500732	0.020478946138478987	0.08132266663306195	0.025092527803816298	0.401340174118882	0.24707531953495593	0	0.22469036577080492	0	0.47207945743857216	0.9961486047869971
SRR1081543	0.13462435691942437	0.0935203254810488	0.012435053670684164	0.5393927971165585	0.08980669563519637	0	0.13022077117708786	0	0.47109291894093874	0.9966751236669513
